50
367
0
49
3 26 7
4 20 2
45 49 9
17 49 8
17 43 8
33 45 3
33 34 2
39 46 8
35 48 5
0 37 3
40 48 8
29 45 7
18 35 6
37 47 5
28 48 5
14 38 1
3 13 4
36 39 7
28 48 9
5 45 4
12 16 4
26 45 7
28 42 8
20 23 4
40 47 7
42 44 6
21 38 5
3 17 5
9 34 2
0 4 6
21 33 1
21 44 6
43 46 6
4 15 2
8 46 6
46 49 3
37 44 2
20 29 1
31 46 3
8 33 2
15 26 7
12 31 5
19 29 3
35 41 9
33 35 8
11 38 5
37 49 3
35 39 3
10 29 9
26 32 6
25 36 1
24 49 2
36 47 1
40 45 6
39 46 1
33 47 8
20 25 7
10 13 3
39 48 4
37 42 7
29 35 5
21 47 8
10 29 8
42 49 3
9 47 3
27 31 8
48 49 7
17 27 5
17 22 1
10 11 8
12 27 1
18 23 7
8 46 7
39 44 7
24 36 7
24 35 9
14 47 9
4 33 4
47 49 5
18 24 4
11 18 3
26 39 7
10 13 7
32 33 4
25 29 5
19 45 1
38 43 9
28 35 3
13 48 9
4 7 5
35 41 5
14 39 4
32 45 2
8 33 6
34 42 3
19 40 1
13 49 4
4 16 1
2 7 5
2 7 8
14 30 7
33 47 1
38 42 2
24 41 5
3 42 3
27 49 4
3 29 4
1 16 6
3 26 2
29 34 8
25 29 9
6 35 6
37 42 6
45 47 3
16 18 5
3 12 2
24 46 2
16 24 6
29 31 1
38 49 4
33 36 5
15 24 1
31 36 2
8 41 4
6 45 5
48 49 4
34 39 8
7 30 7
20 38 6
12 31 3
28 31 4
39 42 1
21 23 3
27 37 1
18 35 4
40 47 1
3 46 3
32 45 2
20 21 9
14 29 6
22 31 6
35 36 4
33 49 8
37 48 8
35 44 8
48 49 7
34 39 2
28 31 6
10 48 8
13 45 2
3 47 4
10 16 9
30 33 3
34 40 1
46 48 7
15 27 4
30 49 9
45 46 2
39 42 1
13 34 2
3 22 8
20 22 2
48 49 6
20 34 6
24 27 2
26 47 1
29 43 3
13 39 4
0 45 6
15 24 6
18 36 3
45 48 3
34 44 2
2 32 7
45 47 1
25 47 3
48 49 6
19 24 5
23 43 1
48 49 9
11 34 4
43 47 7
34 40 3
43 46 3
24 35 7
18 35 2
26 33 8
32 47 1
1 7 4
40 48 2
26 27 3
29 44 9
32 44 8
8 35 2
13 49 5
41 46 6
10 45 5
14 38 2
15 23 6
20 26 8
30 48 4
22 26 8
6 38 4
25 26 1
9 33 9
12 23 5
22 47 6
48 49 9
13 16 9
12 35 3
22 45 1
33 47 8
39 47 9
15 19 2
8 39 9
20 22 6
22 47 7
8 27 6
35 38 8
4 11 3
44 48 4
30 44 1
40 42 9
17 25 7
16 48 7
7 42 4
12 39 9
31 36 1
37 48 7
6 18 6
5 18 4
27 33 8
20 25 3
47 49 3
32 47 8
19 49 7
10 21 6
5 43 6
42 44 3
41 48 7
29 45 2
0 8 1
39 46 9
5 14 3
41 46 3
11 27 7
15 44 5
6 14 8
24 42 8
45 47 2
31 32 1
2 4 2
46 48 2
22 23 3
14 39 5
31 36 5
47 49 7
10 33 4
19 37 4
29 45 7
43 47 5
30 44 5
7 39 8
31 40 3
16 24 4
2 27 7
10 36 8
37 42 9
5 28 3
0 28 8
12 42 5
41 49 7
15 22 4
27 41 5
23 46 3
28 45 5
20 47 6
41 49 3
19 37 6
47 49 2
46 47 9
20 21 9
25 42 2
1 32 9
19 28 1
23 36 6
39 40 5
21 49 8
10 39 3
5 16 9
37 47 1
46 47 3
10 41 3
19 22 2
23 36 1
9 25 6
17 27 4
4 44 4
32 47 5
38 49 4
7 47 9
39 41 7
21 37 3
42 46 3
11 30 8
11 32 6
24 39 5
31 41 3
17 48 4
14 18 2
30 34 6
45 46 6
45 49 7
29 38 6
46 49 1
13 41 6
3 9 9
44 46 9
14 20 5
1 43 2
5 16 6
23 34 7
32 49 6
24 42 6
36 39 9
14 26 3
41 42 8
1 47 8
44 46 3
17 40 1
26 39 3
24 49 3
11 16 7
42 46 5
25 38 7
42 43 1
17 28 4
0 44 8
10 19 7
23 48 7
8 45 7
35 37 2
47 48 3
7 43 3
5 43 9
15 45 1
19 46 3
30 31 1
41 48 3
37 39 8
13 17 9
45 46 1
44 48 2
7 30 2
36 46 1
8 12 3
2 20 2
36 37 1
48 49 4
16 23 6
29 30 1
21 24 6
9 49 1
36 41 3
37 45 2
40 46 8
36 47 1
0 48 3
0 20 3
0 13 3
0 3 3
