100
1485
0
99
50 66 8
20 33 11
23 93 24
36 68 10
26 54 22
82 94 10
66 98 4
44 94 17
45 81 2
70 95 18
61 64 16
13 29 18
9 24 9
53 97 5
4 18 18
60 84 11
36 57 15
63 95 24
36 54 11
92 98 17
33 76 20
86 95 12
73 83 19
64 65 20
50 88 18
23 78 10
50 67 10
58 91 6
69 89 19
57 65 12
26 69 3
78 89 8
74 95 5
47 70 22
26 96 20
63 75 4
5 64 7
69 70 7
25 31 14
82 96 15
37 67 23
55 56 2
75 85 5
9 18 12
36 60 21
63 82 3
15 59 3
86 95 6
53 98 24
72 95 22
27 81 10
69 72 17
10 52 7
19 96 17
35 49 23
80 84 15
4 83 23
38 40 7
76 86 18
38 96 22
86 95 20
82 98 24
47 55 9
66 75 3
28 92 19
67 74 17
44 84 7
7 51 21
15 18 13
67 69 2
48 76 3
10 66 14
75 77 1
28 55 12
38 40 8
86 90 12
75 90 20
10 80 20
66 84 19
33 80 18
8 97 15
85 96 24
14 36 8
54 77 21
45 60 13
60 89 22
8 99 16
95 98 10
3 12 9
27 28 11
20 37 16
87 98 17
17 92 12
25 98 20
95 98 24
85 99 16
11 86 5
71 87 14
7 47 24
21 29 7
5 85 20
11 55 22
6 97 3
23 84 5
38 57 2
18 50 3
20 37 7
27 40 10
12 46 15
86 95 18
78 95 12
97 98 14
62 67 23
85 92 15
32 65 6
23 88 11
68 92 24
35 84 24
45 51 12
87 89 22
64 92 10
89 99 5
46 60 4
64 89 15
90 98 4
23 56 11
7 76 19
98 99 21
30 56 1
72 84 18
53 96 22
50 94 6
83 84 24
57 68 4
37 93 3
46 66 24
18 80 8
30 75 24
62 92 22
28 64 5
77 89 3
86 89 4
65 72 8
85 87 11
93 96 21
53 99 12
82 99 6
91 92 7
3 8 9
88 99 11
38 93 1
70 94 11
1 43 21
27 68 19
49 80 11
58 91 11
77 95 22
86 94 8
76 91 5
2 24 11
56 95 18
81 97 4
86 99 24
13 79 10
93 96 24
22 46 7
90 96 8
71 76 5
60 74 8
43 86 4
29 71 21
14 85 17
43 69 14
90 99 21
70 80 1
82 98 11
67 83 10
31 33 14
82 94 1
72 76 22
91 92 16
9 26 16
44 80 14
13 50 14
73 79 5
81 85 17
24 35 3
52 71 6
10 23 16
28 98 18
3 50 18
7 12 11
59 74 6
92 97 21
23 68 23
60 77 14
56 80 7
64 89 8
76 87 10
8 21 2
42 63 8
80 90 24
44 66 10
47 68 5
74 96 7
87 95 11
79 85 4
88 97 9
50 87 10
83 98 9
5 98 20
7 74 18
15 45 5
48 61 10
69 83 18
52 84 17
67 77 6
91 95 18
95 97 12
77 80 18
75 82 22
27 50 4
63 97 22
24 70 13
73 87 20
17 44 17
71 79 13
59 70 19
41 95 1
59 68 4
37 95 22
31 64 19
17 55 24
17 78 19
34 63 12
60 69 8
89 95 21
23 46 20
94 98 12
56 98 9
28 49 1
66 74 7
98 99 7
44 72 5
78 86 10
24 27 19
40 42 13
5 74 22
87 90 12
70 79 5
71 88 16
97 98 8
68 82 16
44 50 10
43 84 16
18 35 11
85 95 20
12 15 14
23 92 21
34 60 4
5 64 6
42 81 2
83 95 6
20 66 21
66 72 20
95 99 6
72 79 19
51 66 22
3 34 2
57 72 19
4 7 2
58 88 13
41 50 7
65 71 14
62 71 18
96 98 3
35 59 10
78 87 20
19 32 8
77 81 13
89 96 1
60 81 22
25 60 7
95 97 21
34 92 2
69 96 15
13 38 6
90 95 1
29 56 3
38 84 22
1 49 4
42 94 16
52 63 9
17 95 1
21 54 15
31 91 16
43 45 15
46 82 14
82 88 23
89 99 20
35 43 1
6 58 21
91 95 3
28 37 9
92 95 1
35 37 19
69 98 19
79 83 20
20 94 4
34 87 23
71 98 16
17 90 23
28 56 15
57 85 23
90 92 15
17 54 16
36 64 11
90 97 9
60 65 8
58 62 10
43 84 22
71 79 16
17 55 15
55 88 3
21 76 11
12 97 24
78 92 6
25 68 9
89 96 20
61 85 24
64 69 10
72 75 20
94 95 5
27 59 3
23 51 20
45 79 22
45 64 18
78 92 8
87 97 24
62 84 3
23 72 5
62 70 20
70 97 22
33 82 18
59 67 5
42 64 23
60 69 18
27 57 5
32 68 24
85 89 4
52 72 3
68 99 11
15 28 21
98 99 1
21 32 11
65 73 7
35 90 15
15 65 19
79 85 18
11 46 8
30 67 17
26 40 6
5 9 7
67 71 16
2 74 16
27 92 5
60 95 21
97 98 23
74 91 12
50 76 6
49 65 21
29 93 16
72 89 22
78 94 19
34 36 16
57 82 21
69 95 5
45 91 12
42 68 19
53 89 5
69 87 12
8 89 22
24 46 24
72 79 18
98 99 9
42 74 10
37 89 17
80 93 12
80 87 19
44 82 14
85 99 7
54 96 18
21 91 16
38 52 18
93 99 2
19 79 9
78 82 24
23 68 15
39 78 13
39 54 6
77 99 7
65 97 11
58 60 12
21 53 17
83 89 13
91 93 11
75 91 22
72 84 3
51 63 19
32 57 20
59 63 23
78 82 16
64 77 20
38 73 11
12 79 11
73 86 22
54 77 6
60 65 24
89 93 21
7 30 4
81 92 9
59 87 5
85 86 14
74 87 3
47 83 14
86 97 6
62 67 19
35 89 14
83 93 8
83 96 7
69 86 21
9 21 19
11 44 12
45 71 2
17 59 20
38 94 18
85 94 18
13 56 13
98 99 9
68 77 14
69 79 21
2 42 4
33 92 5
60 72 1
32 68 3
11 59 14
13 56 17
18 29 5
88 99 7
0 70 6
77 85 24
96 99 2
24 78 15
91 98 8
71 72 23
32 55 10
44 51 18
1 15 19
43 81 2
36 52 14
79 93 5
85 97 4
3 6 9
6 85 13
53 58 23
14 61 4
22 24 11
21 28 16
57 75 11
41 71 5
26 60 21
33 39 8
3 44 1
58 59 14
93 98 8
7 64 14
26 61 21
71 93 12
24 77 2
15 57 22
20 37 16
30 59 13
20 41 5
30 80 19
72 76 9
7 51 12
52 66 18
76 92 3
41 67 13
69 96 12
66 97 23
38 90 19
70 89 23
95 97 11
28 88 10
95 98 13
93 97 10
4 43 24
61 71 3
28 94 24
73 85 17
51 60 6
29 64 14
25 78 2
42 77 11
57 80 10
44 64 4
33 39 1
75 93 8
68 78 2
97 98 11
3 99 6
43 65 23
49 73 7
20 32 12
34 85 4
44 86 20
81 87 16
62 65 1
16 69 21
53 91 18
85 99 15
55 67 21
37 67 23
64 83 4
46 64 18
27 90 6
8 44 10
21 48 15
48 54 7
14 53 16
32 92 12
58 67 22
60 82 8
49 54 7
20 36 17
53 67 21
29 40 9
35 49 3
1 31 19
95 97 5
3 66 24
40 93 11
80 97 11
19 32 8
66 73 21
34 74 19
0 68 18
71 85 22
58 89 13
5 8 17
19 96 13
51 71 13
33 55 6
41 60 23
21 39 1
88 91 2
19 50 18
32 54 20
59 69 6
63 97 5
13 32 12
69 98 18
95 98 14
38 69 4
13 90 3
57 68 4
85 90 12
7 54 15
4 10 2
80 86 24
64 70 21
20 80 9
4 34 18
74 79 20
27 93 24
19 55 1
62 87 10
7 81 19
48 90 2
91 99 11
7 73 3
64 77 1
7 91 11
27 93 23
45 77 10
23 61 19
70 93 7
0 39 3
38 76 13
29 77 12
27 85 11
29 78 14
16 70 16
64 76 10
45 82 11
8 77 4
64 88 18
33 73 16
68 85 6
90 97 22
5 48 3
5 53 1
35 97 19
1 33 5
12 67 11
3 96 10
82 85 7
41 43 23
66 91 24
10 20 11
86 88 3
45 97 2
34 66 22
69 97 14
92 93 18
1 76 17
39 50 1
29 34 2
61 89 8
22 96 14
43 54 24
35 69 13
20 62 15
8 23 18
68 83 17
37 70 4
53 58 12
30 61 23
50 77 12
49 65 19
36 97 18
43 74 9
95 96 14
13 27 20
59 66 6
85 99 3
39 58 4
50 97 8
61 64 15
69 85 22
55 61 18
5 7 6
31 42 23
73 93 21
68 94 3
73 96 18
89 92 23
7 20 16
0 17 24
42 54 15
57 59 4
74 84 24
46 86 18
20 95 14
36 50 21
10 29 6
68 83 2
23 43 5
52 56 19
5 99 14
34 41 11
27 84 21
19 44 22
49 59 1
18 96 24
13 15 5
51 74 19
10 70 6
62 70 12
57 81 12
14 72 1
46 52 21
60 69 3
28 38 16
34 65 3
63 77 13
13 38 22
31 96 20
86 94 2
89 98 10
83 90 21
15 37 20
53 97 23
26 40 8
94 98 21
60 70 13
27 66 16
28 53 5
7 72 5
93 98 12
80 86 24
5 93 7
15 42 4
39 40 15
82 99 7
65 73 19
25 44 19
75 94 8
15 39 2
69 89 15
71 81 14
81 96 2
59 73 7
63 69 10
74 90 6
34 85 15
24 28 10
63 99 5
62 99 21
45 70 13
66 83 9
45 90 22
22 86 4
46 73 13
72 97 16
54 94 4
31 66 21
82 98 1
79 85 16
17 54 9
85 90 16
94 99 3
71 75 18
46 67 20
39 90 10
59 92 17
38 88 14
67 81 17
90 96 15
8 14 6
3 55 23
85 94 8
58 97 10
0 89 15
90 94 22
81 92 8
92 95 24
87 97 4
63 69 15
51 67 19
69 71 14
40 86 11
3 83 6
12 35 9
58 96 5
36 93 17
27 69 6
14 32 18
44 92 22
26 34 15
49 61 19
46 93 1
59 61 11
66 95 2
11 95 6
92 96 7
59 60 3
91 99 12
39 54 3
29 30 8
50 51 17
24 56 21
54 82 19
72 81 19
80 81 6
7 57 3
75 83 12
38 59 8
31 51 19
83 93 12
97 98 5
36 59 19
8 70 7
49 73 11
40 64 7
20 62 19
9 45 3
96 99 7
65 78 1
37 41 7
69 84 4
86 94 13
3 89 18
50 73 5
63 97 4
9 61 4
90 93 22
6 37 20
71 97 3
78 99 12
3 61 14
30 86 16
11 70 23
21 32 8
66 83 17
12 71 22
86 99 15
2 23 24
17 88 1
69 74 11
15 71 11
64 70 13
18 66 24
77 78 7
89 90 8
61 88 11
49 76 15
54 91 4
4 30 23
58 99 23
76 99 13
91 95 2
64 69 2
1 29 4
74 93 24
96 97 16
65 74 11
87 91 8
4 76 19
6 32 15
93 97 12
73 83 10
90 98 23
12 41 19
18 62 11
2 60 3
62 79 10
71 93 17
74 93 24
22 25 9
5 73 18
22 29 5
96 98 16
90 99 7
35 45 20
80 81 14
94 99 7
66 82 4
41 78 20
30 78 15
37 39 3
13 31 17
72 85 18
96 99 13
75 77 1
72 93 12
3 86 21
39 40 21
41 93 3
25 70 24
87 97 7
14 39 15
29 53 17
69 86 4
25 61 16
25 44 17
74 90 7
73 94 1
88 96 1
6 30 22
24 28 8
39 45 14
27 53 13
64 93 18
63 85 15
74 93 14
48 73 12
70 84 2
19 23 10
91 97 14
63 91 15
31 58 12
21 43 3
11 42 17
30 58 18
38 59 13
48 62 17
42 81 15
25 99 1
7 17 12
79 90 12
98 99 5
51 80 10
13 44 4
43 77 9
0 20 18
33 66 15
93 99 4
41 89 5
56 93 1
64 79 12
25 92 7
53 91 13
78 93 14
93 99 8
83 99 2
55 73 4
12 58 15
1 24 24
96 97 16
80 90 16
2 73 7
50 99 12
71 91 24
20 80 6
85 95 17
17 92 12
79 85 7
85 96 11
24 61 17
13 70 10
59 74 9
32 50 14
31 82 18
8 69 18
64 93 15
12 51 23
95 98 17
62 73 20
55 86 17
65 69 7
92 97 5
60 89 19
34 59 22
0 66 10
47 89 19
54 75 6
4 20 17
47 98 4
41 55 10
14 99 4
61 93 4
41 76 4
9 31 19
81 88 10
5 8 9
87 98 5
95 97 20
15 84 22
44 74 3
46 97 13
55 67 2
39 75 2
48 99 14
89 93 7
1 33 8
49 60 11
92 98 22
80 94 13
68 96 15
55 68 9
11 37 14
87 96 6
5 66 17
81 85 12
70 93 21
27 30 9
28 78 17
26 88 22
60 77 24
29 38 22
29 98 13
19 28 4
21 37 22
38 82 20
81 95 7
92 97 18
68 83 22
14 41 17
7 37 2
23 83 4
79 91 9
1 57 18
23 95 10
86 98 19
49 99 4
34 90 16
44 72 7
90 96 22
12 55 1
66 93 18
78 87 13
42 68 17
94 96 20
6 67 3
19 80 10
76 90 4
44 91 6
25 29 3
23 91 24
16 48 18
91 99 18
70 90 6
83 88 2
42 56 3
75 90 9
53 85 8
58 70 9
23 44 22
91 98 13
84 92 6
80 93 21
4 91 13
22 42 21
84 90 18
4 26 8
43 63 17
48 99 7
46 76 15
97 99 23
86 95 8
72 73 16
2 14 6
78 93 4
66 90 17
2 59 19
31 46 22
52 91 6
62 93 9
36 78 23
64 71 19
32 46 15
63 97 4
58 68 19
12 17 12
88 90 10
71 98 24
38 48 23
94 96 16
36 49 9
12 83 13
67 71 8
68 73 18
17 25 15
72 97 14
67 77 22
50 76 10
15 43 18
30 66 22
63 95 4
36 72 14
24 25 13
1 53 16
71 96 21
74 92 14
58 74 8
77 90 7
0 28 23
76 80 21
9 47 6
84 87 22
79 81 5
45 91 3
21 22 22
75 92 23
7 79 16
9 20 3
69 76 22
10 71 18
92 93 14
27 38 22
75 82 9
72 98 15
57 78 7
3 41 17
62 79 13
16 63 16
34 48 20
69 82 11
16 75 7
38 76 5
82 92 9
38 42 7
95 96 5
43 80 16
8 60 6
92 99 1
8 21 5
44 92 21
36 65 1
40 76 21
17 78 17
13 32 23
40 51 23
26 43 5
72 85 4
19 74 7
14 60 5
91 99 10
86 88 9
31 62 5
28 71 17
50 97 18
25 49 11
77 79 6
86 90 11
79 88 8
30 77 12
36 51 15
8 40 13
37 61 2
3 42 3
83 90 3
30 83 14
79 81 13
12 84 5
13 84 13
82 96 17
95 98 20
80 83 10
8 94 22
15 18 21
33 41 17
59 98 3
57 58 19
78 92 17
1 3 4
75 80 15
62 78 6
48 67 1
65 94 16
63 78 5
78 90 6
38 73 19
86 93 7
96 97 21
33 75 16
41 78 14
67 70 23
85 98 7
59 76 22
53 87 17
13 45 20
51 97 21
93 99 17
45 56 1
20 27 11
14 66 13
62 98 8
16 89 8
34 53 16
58 65 20
18 37 18
40 43 3
76 98 24
71 72 9
5 84 10
42 83 9
80 81 9
89 98 3
31 89 5
97 98 7
53 86 10
0 55 7
74 89 2
1 19 7
20 64 4
18 55 21
47 96 19
71 85 18
61 87 18
66 89 17
42 67 3
74 97 16
52 75 7
47 55 24
64 75 10
54 63 2
55 62 7
5 24 12
72 79 18
77 88 5
96 97 8
25 66 3
75 78 18
48 65 8
16 74 23
97 99 18
79 91 19
9 16 12
31 35 19
67 72 10
51 57 5
78 85 9
27 30 9
96 98 12
6 40 12
90 94 3
74 83 11
38 82 7
1 93 13
84 95 12
80 89 14
62 81 10
34 80 13
85 87 15
9 18 20
66 94 3
19 63 14
52 79 14
89 94 16
96 97 18
66 86 19
9 86 18
46 82 8
31 61 2
57 89 6
59 69 8
43 96 19
36 90 18
78 95 2
54 85 5
42 86 2
18 96 12
89 92 3
11 62 12
83 95 15
58 84 13
65 77 8
27 48 13
20 73 6
1 16 17
45 54 21
32 50 15
95 97 4
67 83 13
61 83 17
4 42 14
2 85 19
42 89 1
6 24 10
67 91 11
59 64 21
22 23 21
16 66 13
3 77 5
3 42 8
65 69 9
92 99 19
54 77 23
9 74 8
74 96 19
91 97 10
94 98 7
39 78 8
29 54 22
91 96 2
80 91 13
10 84 12
40 60 13
79 99 20
71 72 16
22 95 2
40 55 22
54 87 12
89 96 9
18 91 14
32 90 6
14 95 14
70 78 17
5 35 2
82 94 19
72 97 4
56 68 16
25 30 14
45 95 1
73 81 5
55 56 4
36 43 10
66 81 16
81 82 16
86 96 18
47 73 1
55 83 11
2 28 4
35 86 23
28 55 13
4 29 12
42 92 4
24 94 17
54 83 23
87 90 24
85 88 22
16 37 11
18 55 3
29 79 6
77 84 13
47 96 21
83 97 22
48 63 12
51 58 19
12 85 10
9 23 19
40 88 20
3 17 23
33 59 13
12 88 11
60 66 21
81 85 8
58 94 19
71 89 15
31 56 4
28 78 17
38 69 22
33 42 11
68 75 5
13 69 7
68 94 20
8 76 18
84 99 11
23 72 10
72 90 20
44 70 12
53 62 18
5 65 13
48 62 8
51 82 23
81 89 2
93 97 2
25 46 2
61 98 14
49 80 10
49 62 12
58 97 17
96 98 7
14 92 14
14 59 22
67 88 24
27 52 14
96 98 3
62 90 11
23 28 21
8 69 10
39 82 9
50 67 21
80 97 24
44 79 15
30 32 2
47 63 14
84 85 23
2 71 3
13 34 4
51 60 7
41 83 2
21 31 22
34 87 15
33 66 21
84 92 21
72 97 7
64 67 1
56 81 17
8 68 21
61 94 10
35 52 19
22 77 5
94 97 23
3 74 9
71 76 20
37 47 2
74 96 7
53 77 10
67 75 4
48 84 23
8 22 21
36 82 10
73 78 22
54 72 9
90 95 20
47 70 13
31 35 1
88 89 18
24 34 21
2 3 12
76 97 24
14 91 20
95 96 14
51 68 15
15 90 8
89 91 17
86 97 12
5 73 3
15 46 11
17 43 6
78 97 20
15 78 5
55 87 4
94 98 16
72 99 23
21 99 4
46 52 22
57 60 10
31 86 21
31 81 12
23 36 21
45 86 21
22 39 23
94 95 12
32 67 17
71 73 12
22 42 15
28 32 19
97 98 12
92 98 19
65 99 5
35 79 17
71 85 6
65 99 22
38 81 13
94 97 15
11 59 9
93 98 4
7 60 16
57 95 2
53 79 12
4 40 10
77 84 1
50 92 10
27 28 22
15 45 17
14 87 3
73 78 20
48 98 24
73 96 17
13 17 9
61 85 11
8 42 4
15 36 5
25 61 2
73 94 13
59 71 18
15 81 22
3 24 18
53 89 8
80 84 24
80 97 23
87 90 19
22 71 5
52 77 3
55 72 3
72 76 11
41 53 21
38 68 2
79 97 10
7 93 4
68 90 12
64 87 17
38 82 21
71 80 5
30 98 9
14 26 10
37 40 8
30 50 8
65 67 11
19 43 12
31 87 17
78 89 3
63 67 11
46 97 14
94 95 7
38 40 1
42 55 5
40 62 2
80 89 13
76 98 24
31 49 8
83 84 23
50 87 19
42 84 23
94 97 15
54 75 2
47 92 7
65 92 19
13 73 22
46 62 15
72 83 4
78 98 14
82 99 17
91 99 2
59 71 7
49 90 13
11 45 23
88 98 16
22 96 16
45 62 3
0 1 13
0 2 23
0 3 10
0 5 15
0 4 25
0 15 11
0 23 6
0 45 19
