200
5970
0
199
73 74 31
151 152 21
144 164 18
61 108 36
59 82 39
113 121 38
48 192 26
131 138 31
72 189 3
98 168 41
177 192 39
14 90 36
183 191 22
112 129 43
159 199 24
53 57 35
52 145 37
175 176 30
173 183 21
95 187 42
43 69 43
103 189 20
36 55 35
98 143 31
35 60 3
42 47 26
161 186 23
1 148 5
96 158 3
80 88 40
16 26 33
100 152 34
163 181 38
188 196 17
140 148 26
35 78 22
6 104 23
63 182 4
8 199 33
152 196 33
83 165 49
184 192 6
110 139 11
60 81 30
53 136 23
73 105 16
185 199 29
37 66 26
14 93 35
54 150 31
5 45 27
136 161 5
119 145 6
132 181 27
159 164 38
65 100 45
14 31 45
19 169 31
78 131 9
93 146 28
41 186 42
106 152 24
89 123 29
80 196 38
66 169 7
142 184 37
122 134 21
47 127 7
163 190 3
70 171 37
160 162 7
28 196 11
88 101 47
10 31 24
18 46 15
115 185 38
126 172 32
127 141 11
132 194 36
11 43 5
7 126 15
123 159 11
174 184 15
174 196 42
1 143 31
36 189 46
103 140 45
5 148 45
35 178 44
179 186 14
26 138 46
31 163 16
13 17 42
79 197 25
53 174 40
11 173 13
169 196 47
163 189 44
149 182 23
136 184 40
4 122 16
145 196 35
178 187 9
166 175 11
24 174 29
155 179 34
177 183 29
36 70 4
83 98 11
105 170 41
158 177 18
166 189 11
36 163 1
76 170 46
149 194 9
12 64 24
160 186 13
168 195 18
100 199 34
168 181 3
114 153 15
188 193 13
157 188 22
185 188 45
18 118 43
15 67 40
82 98 11
65 127 45
180 198 3
193 199 34
57 67 44
96 142 49
105 150 39
67 131 3
151 167 29
99 107 38
195 198 12
188 194 14
57 162 43
173 178 47
9 14 2
81 121 14
85 173 36
80 149 17
146 152 20
191 195 8
119 183 14
71 85 43
119 135 30
184 185 16
159 162 38
67 136 3
81 139 13
185 195 28
64 166 11
120 168 29
2 156 37
164 191 21
92 96 39
156 196 38
15 30 30
150 193 9
107 109 2
131 196 47
107 161 8
6 122 14
34 81 8
26 177 26
103 179 33
169 172 33
159 189 2
134 183 26
13 51 5
166 177 2
99 154 28
144 148 9
59 139 15
27 64 13
137 141 40
96 197 40
157 193 27
180 195 21
27 156 4
178 179 48
20 73 41
170 186 6
187 195 30
65 69 20
186 187 21
64 160 37
31 121 22
191 195 20
143 177 49
93 114 22
142 183 20
150 177 19
165 180 32
135 171 28
47 101 29
30 89 34
24 58 20
109 178 23
8 56 30
107 162 19
186 195 9
22 127 17
148 166 46
66 184 5
51 153 26
19 168 27
174 191 47
177 181 40
21 98 1
126 194 36
130 175 1
16 118 37
109 159 31
126 169 12
51 73 3
40 82 17
125 148 49
168 178 18
95 177 3
182 199 45
95 112 46
132 154 4
134 138 17
115 177 13
52 118 30
33 189 44
57 72 48
51 80 30
155 193 45
93 125 41
128 192 19
120 130 26
77 103 48
180 192 27
68 114 23
75 113 14
140 181 47
140 181 17
59 155 47
31 74 49
4 172 35
68 165 3
57 171 28
170 198 5
50 157 35
55 132 31
67 197 21
64 165 6
33 187 49
169 194 28
24 115 16
77 187 12
51 150 18
36 66 38
0 37 20
103 119 4
132 196 41
135 139 26
118 180 35
38 167 34
107 157 46
100 150 21
162 197 9
193 197 19
58 74 7
53 67 29
95 137 47
151 173 41
68 98 45
90 186 5
163 164 9
22 111 30
182 189 6
65 114 48
45 101 21
155 174 28
174 177 18
58 155 11
0 3 16
119 129 20
168 171 1
14 142 33
102 116 24
154 198 49
64 139 13
180 189 44
80 174 19
110 136 33
49 51 3
159 177 28
41 186 16
163 193 37
84 166 24
48 133 19
35 155 32
146 167 44
44 58 7
187 192 30
153 196 26
104 135 5
6 177 30
80 107 20
139 160 26
2 65 14
127 132 17
137 150 21
24 113 42
152 178 16
93 160 41
75 196 46
174 197 29
175 192 2
183 189 6
147 199 33
108 186 48
182 183 35
33 44 44
150 154 47
121 146 16
140 186 42
135 147 27
124 160 24
78 119 47
180 192 23
18 126 24
114 152 38
6 159 3
23 194 45
177 191 42
76 174 43
46 182 48
29 52 1
111 191 10
195 198 30
110 151 36
55 142 39
162 188 23
152 177 44
55 61 37
91 149 33
132 160 48
21 45 35
88 168 3
5 184 29
146 179 16
1 37 35
167 178 22
162 178 26
39 105 7
40 109 30
97 178 18
19 59 36
169 194 41
111 115 44
90 165 17
41 93 35
23 57 33
140 141 38
35 39 41
98 196 34
2 165 42
138 140 24
151 191 17
97 192 49
73 77 49
85 107 29
82 189 28
127 129 18
83 183 18
85 90 13
45 126 48
53 120 22
181 190 40
78 179 7
72 170 10
111 140 48
10 159 44
72 127 38
173 177 27
5 85 5
38 129 11
8 31 26
111 185 44
127 156 48
156 162 6
108 160 46
167 188 9
131 183 37
145 184 15
52 67 9
91 132 8
183 186 13
56 57 1
155 171 35
82 173 10
92 181 10
42 152 26
129 174 27
191 195 33
150 159 19
105 131 35
11 78 18
171 191 22
162 187 30
120 129 6
46 163 15
189 192 38
28 77 23
198 199 17
15 115 25
172 197 38
171 185 37
137 174 6
74 104 12
86 196 23
81 99 5
78 94 37
13 172 10
1 146 26
26 158 19
39 147 31
40 148 39
54 138 34
80 92 6
102 181 12
91 127 48
117 118 33
105 187 25
78 149 28
180 186 16
84 126 38
166 181 28
64 156 7
171 195 15
1 139 5
80 132 8
179 184 9
140 197 9
135 136 25
177 180 48
29 31 33
9 91 41
181 183 42
22 176 49
169 199 3
89 196 23
35 52 27
148 151 46
33 86 28
132 141 30
59 70 38
144 195 13
45 159 22
39 101 31
190 192 23
60 72 30
116 142 15
92 166 24
69 131 26
141 169 46
39 123 8
119 158 35
45 154 47
185 189 2
171 192 5
10 78 43
123 129 7
39 83 3
185 199 15
44 99 3
2 128 6
37 150 25
91 146 17
87 146 44
9 50 3
74 111 3
30 43 6
56 195 28
119 171 36
158 195 1
38 154 15
162 171 24
48 93 39
106 114 47
76 117 38
32 136 43
9 124 36
2 43 7
91 192 15
77 94 28
106 126 29
126 143 20
189 192 38
1 144 44
89 157 41
29 148 30
164 191 28
108 144 5
113 154 10
151 170 9
178 180 17
176 198 13
89 158 24
161 174 41
183 197 31
182 195 26
40 122 19
56 62 27
69 79 43
54 64 38
182 198 8
1 25 22
108 167 2
75 93 7
40 156 22
101 163 27
55 164 49
85 147 48
15 20 49
154 183 21
113 173 19
168 192 28
54 138 47
37 139 3
45 60 33
130 148 38
95 114 14
26 77 35
130 172 41
26 169 8
153 175 10
14 31 47
31 74 25
116 185 13
63 138 16
52 90 7
48 49 7
97 181 12
88 171 8
124 154 12
29 75 35
171 189 21
34 121 42
179 185 23
53 132 29
45 193 49
178 198 9
26 182 39
113 146 17
57 165 10
155 158 6
92 130 48
102 111 40
118 184 24
3 35 44
196 198 42
94 123 22
64 134 23
32 36 38
41 160 2
169 197 20
73 135 20
110 159 15
153 181 20
76 122 45
24 185 36
167 195 7
45 197 19
101 199 8
157 169 8
146 167 11
106 156 45
109 133 26
109 123 7
11 68 3
101 166 27
85 110 10
178 194 12
177 178 34
66 146 43
107 153 26
163 177 48
197 199 25
23 169 15
51 96 15
66 143 14
124 155 3
169 195 34
34 107 38
118 173 44
13 147 16
133 159 41
68 137 46
140 153 11
84 198 45
129 189 10
14 198 31
49 152 5
11 115 30
167 187 9
185 199 32
88 107 31
150 157 25
117 144 39
85 191 19
83 197 7
194 197 25
139 141 41
152 176 38
72 109 10
75 183 34
91 115 21
0 188 28
163 198 7
184 199 25
193 197 4
123 135 43
58 106 32
77 88 33
107 155 35
81 170 34
76 91 6
61 136 24
137 140 34
123 195 32
154 185 34
147 193 31
142 188 4
55 186 29
22 123 46
77 128 30
32 171 28
22 131 28
111 169 31
23 81 41
6 140 15
139 168 45
29 73 21
17 41 44
115 137 36
82 139 2
94 128 18
185 187 2
175 182 1
10 40 29
175 191 12
182 183 3
4 152 1
176 197 11
190 194 11
187 192 7
149 156 47
178 188 33
92 126 3
172 182 43
109 189 16
96 135 19
97 156 44
1 177 36
132 199 45
127 168 11
156 198 10
47 70 38
110 121 3
167 195 7
87 154 23
173 182 26
18 163 7
90 126 28
167 185 38
149 196 9
33 171 23
72 193 9
167 192 18
115 144 17
127 192 12
46 64 6
179 195 2
104 170 31
80 94 19
163 178 47
138 184 9
164 197 26
128 131 24
30 140 40
14 196 11
46 69 35
191 193 7
71 164 27
95 121 25
34 142 10
9 77 19
113 189 5
9 197 22
186 198 37
142 186 2
171 191 43
174 187 31
106 141 11
123 140 16
24 83 18
124 171 44
178 192 1
116 137 45
196 199 24
161 188 10
112 139 41
149 155 38
123 154 26
85 144 39
137 147 38
169 186 15
37 47 48
39 66 22
162 199 18
83 85 44
40 129 46
90 172 13
19 86 46
116 167 49
45 184 21
49 64 22
69 97 12
145 186 36
138 144 21
6 179 19
58 170 1
92 147 27
109 182 38
152 180 22
53 73 2
177 186 41
61 197 5
170 176 48
52 71 42
69 98 7
189 198 27
185 197 45
3 118 21
80 180 35
91 94 21
135 162 45
125 168 7
26 174 26
82 111 2
44 155 15
184 198 40
81 145 17
15 145 29
116 190 12
184 185 34
39 87 12
4 10 49
74 120 41
173 198 34
42 154 11
4 125 25
9 64 5
141 195 2
25 194 9
19 137 48
55 135 48
76 105 13
134 155 7
60 145 47
45 131 14
26 191 25
62 82 25
161 184 25
63 160 35
128 153 13
169 181 37
122 189 26
126 198 3
132 197 3
90 166 42
50 128 33
33 61 20
132 159 36
71 148 38
94 163 6
21 31 4
29 119 3
172 197 35
177 185 31
126 138 20
52 171 5
84 165 4
151 174 31
78 188 25
49 107 19
69 184 25
53 110 7
39 186 25
82 130 38
103 161 7
193 198 34
93 128 11
92 119 39
96 164 12
178 194 31
23 199 39
144 170 10
141 165 31
188 192 17
9 67 17
148 180 10
14 87 49
155 182 1
19 62 49
144 145 31
71 185 2
41 51 17
66 80 16
128 199 47
31 82 20
90 154 35
81 166 4
26 182 41
111 169 12
68 95 11
68 99 24
189 199 3
9 93 22
197 198 13
136 175 5
162 178 8
49 105 44
52 144 12
146 192 32
134 160 40
108 150 41
26 42 13
123 191 44
85 175 36
124 156 1
161 169 34
156 177 32
115 138 8
142 180 4
186 193 11
60 74 16
59 89 42
185 194 23
165 174 8
115 157 1
139 140 20
170 178 12
169 176 43
122 141 31
110 140 13
72 83 40
92 172 18
122 125 38
153 166 13
49 173 2
76 133 3
93 140 23
26 77 5
47 195 5
155 162 38
148 194 9
65 157 27
67 159 14
1 143 16
198 199 14
3 113 48
140 185 45
27 57 31
66 119 28
59 69 31
148 161 38
138 178 7
10 28 15
73 95 49
112 185 1
71 198 18
100 106 1
63 76 3
137 173 1
25 73 17
61 91 13
70 160 32
148 186 25
97 117 33
92 148 37
72 75 47
114 135 17
29 111 30
129 132 42
102 145 17
172 181 17
177 197 3
152 161 29
73 126 17
56 163 48
60 106 14
22 43 19
165 199 43
104 145 16
159 184 49
122 176 32
61 154 18
6 84 4
89 121 31
28 63 48
72 153 23
105 178 47
0 63 46
91 160 47
40 71 9
48 67 34
23 163 48
189 199 1
21 179 32
137 156 32
104 166 40
150 156 30
144 192 7
173 174 47
192 195 45
177 181 46
85 134 8
130 152 12
146 189 19
121 198 33
150 173 48
78 180 20
121 131 16
5 109 19
116 194 9
73 189 18
157 178 15
115 192 20
13 35 23
114 152 5
150 196 7
34 184 5
180 184 5
48 123 5
179 196 31
136 175 6
27 140 6
126 175 44
58 98 42
135 139 2
144 193 26
176 192 3
7 83 22
41 80 2
110 197 17
65 152 9
165 170 21
186 199 47
173 195 41
61 199 37
74 193 25
13 32 14
162 168 22
73 198 48
46 144 23
59 188 9
188 199 45
87 142 42
32 66 28
181 184 6
147 171 13
117 175 10
5 36 45
195 197 11
108 153 1
149 178 29
22 108 6
110 111 28
12 145 11
167 185 48
100 124 30
143 164 36
17 122 47
178 186 46
107 130 16
26 131 45
176 183 29
42 77 33
96 99 45
77 135 21
174 191 25
59 141 26
97 139 15
83 126 39
167 184 26
115 134 20
79 126 6
126 193 42
84 144 28
118 166 2
162 169 20
80 163 36
61 178 29
3 99 5
122 137 44
82 105 14
107 139 44
171 178 46
141 151 20
157 191 34
160 197 9
10 95 25
58 144 42
142 187 48
62 169 48
127 139 19
32 66 38
47 170 39
166 181 36
43 79 48
0 48 25
33 60 10
60 189 6
109 118 36
69 132 16
167 183 46
26 93 46
189 194 38
89 190 17
60 97 24
58 174 23
103 115 21
0 108 2
177 182 27
30 53 7
168 185 48
50 122 35
30 108 29
1 27 7
67 192 38
195 196 35
18 165 38
157 181 34
117 129 14
95 160 10
132 143 49
195 197 31
74 78 46
187 196 12
132 146 13
122 195 21
182 195 29
161 195 12
174 198 42
27 143 5
103 108 16
120 172 29
73 155 17
12 156 2
72 190 35
190 194 18
80 198 10
179 184 42
0 24 31
138 181 37
172 179 33
67 160 34
119 184 28
73 118 10
166 193 28
2 62 26
151 183 6
147 185 9
115 132 48
62 156 16
135 155 12
108 159 28
92 97 16
129 134 42
151 175 26
146 169 27
159 191 21
196 197 48
75 112 39
109 171 33
135 163 48
52 184 48
125 194 12
166 199 49
30 100 25
192 193 28
19 188 37
17 40 46
53 122 44
148 197 38
56 182 21
160 197 18
93 110 26
63 128 49
87 170 16
96 168 26
95 130 23
169 199 20
88 149 49
119 141 25
159 162 27
130 168 35
83 171 41
164 184 40
6 158 35
101 190 8
18 145 18
144 181 14
12 193 45
67 86 44
4 99 22
5 147 7
186 194 29
154 167 22
84 112 36
81 122 8
84 180 15
73 145 16
40 72 41
191 199 11
171 177 32
109 132 35
153 177 38
37 185 1
176 186 47
151 188 45
6 88 31
174 183 3
128 179 38
14 178 5
31 160 21
2 113 28
151 188 22
52 169 9
102 168 30
155 158 23
190 199 19
9 120 32
20 100 33
172 180 27
32 81 26
9 106 46
27 83 6
155 178 28
47 195 44
145 185 34
81 163 44
27 138 34
179 184 48
55 172 14
94 157 22
35 153 7
193 194 29
134 173 46
118 135 34
183 198 26
88 132 40
125 184 46
162 183 44
64 97 14
78 130 10
51 147 38
65 199 3
131 159 13
33 125 36
74 106 7
68 159 27
51 98 48
34 119 47
21 136 30
48 88 10
131 188 43
44 104 2
86 132 5
60 181 47
100 140 2
43 142 19
153 182 45
169 192 44
0 168 44
95 149 39
158 185 42
41 84 5
185 193 17
103 137 35
71 140 29
33 122 48
184 185 2
90 152 4
143 168 15
160 183 35
93 141 32
32 75 4
11 68 8
114 139 13
184 198 5
8 154 23
104 182 32
126 177 45
59 156 43
123 140 23
144 181 47
114 157 47
180 185 30
21 137 42
138 145 18
185 193 8
58 101 1
84 122 41
117 194 40
42 143 33
131 198 44
136 149 16
145 159 2
18 149 15
151 189 36
147 188 27
178 194 29
68 173 47
21 165 12
170 190 32
105 171 20
93 169 14
104 140 40
169 181 32
129 182 5
76 141 41
158 189 46
133 151 37
51 168 10
54 55 13
45 100 46
83 111 5
160 184 27
106 175 42
134 172 8
56 197 40
117 168 48
55 127 10
45 158 37
137 168 13
104 115 1
104 106 12
107 109 27
10 128 25
67 69 16
83 134 42
24 109 6
66 138 3
21 152 39
178 182 40
13 47 39
15 184 38
34 146 44
134 183 15
117 136 17
17 26 24
77 122 26
153 194 11
63 111 25
23 79 19
153 189 36
47 85 7
183 192 47
21 32 4
117 188 23
130 190 44
60 182 12
171 175 4
165 198 40
73 186 16
124 137 16
27 45 11
85 199 46
173 187 16
4 175 3
118 191 48
193 194 3
0 80 1
124 132 21
163 195 19
135 141 24
154 190 47
167 181 15
13 107 15
110 137 33
41 151 38
56 189 10
112 164 10
96 162 34
132 164 36
128 166 26
136 148 34
147 193 7
140 157 40
132 187 24
118 171 13
61 79 49
184 196 28
98 164 5
56 198 44
101 129 49
115 120 19
12 154 20
116 197 6
135 166 25
52 53 43
62 107 20
89 157 7
175 193 1
10 170 25
42 170 20
10 91 1
111 150 28
34 111 23
107 177 30
39 172 33
180 197 42
198 199 49
110 155 14
81 84 41
106 149 30
76 125 26
28 134 26
90 133 26
7 145 27
24 95 48
20 123 35
95 129 16
5 13 8
143 195 1
189 196 4
36 90 17
65 107 37
33 93 28
9 158 12
114 162 35
81 177 7
138 141 33
158 160 35
143 158 36
67 107 41
37 192 45
150 173 4
162 178 37
64 173 42
109 169 15
38 128 38
113 138 46
15 16 10
130 197 3
99 118 43
121 181 34
117 176 4
108 164 46
176 181 36
185 198 28
114 157 40
40 68 47
180 195 13
148 192 25
64 191 48
36 193 15
49 107 41
105 129 35
13 132 19
16 157 47
119 174 14
72 112 24
87 186 43
2 167 40
183 192 3
59 173 10
127 128 9
166 193 21
196 197 35
47 189 1
30 181 4
161 198 28
195 196 41
182 191 34
180 182 6
168 170 45
171 187 1
99 196 22
63 129 5
178 195 15
31 145 33
49 68 16
9 68 35
54 168 31
81 96 14
23 63 8
18 178 42
58 182 28
153 165 5
100 187 33
44 181 10
114 150 15
123 126 23
139 163 36
150 165 9
65 80 27
70 98 27
107 141 46
16 150 13
151 156 3
96 180 3
70 162 25
69 103 9
87 163 35
23 184 1
140 157 40
103 162 23
156 159 29
138 171 49
19 106 49
100 149 33
160 168 16
190 195 15
93 155 46
149 173 27
0 120 6
29 48 22
54 95 4
56 101 17
79 156 14
161 196 33
185 196 11
75 190 24
109 189 31
191 199 42
102 133 4
137 163 23
83 194 9
22 178 16
130 172 46
178 195 38
46 180 10
70 169 2
186 192 3
66 180 30
54 181 27
117 125 10
61 96 7
171 199 9
42 155 31
174 177 16
62 120 42
154 185 6
177 196 2
107 138 7
181 198 1
105 135 17
78 135 41
45 144 31
188 197 12
124 197 37
182 190 35
188 197 32
198 199 35
107 155 20
32 96 12
14 117 26
124 183 11
19 29 36
188 196 35
139 153 9
96 101 29
190 198 6
114 187 5
104 174 23
72 134 8
32 62 16
186 197 11
119 198 9
189 199 47
166 171 43
62 99 37
55 71 33
3 198 26
19 54 28
109 191 2
19 84 4
77 138 31
182 185 13
79 124 30
76 94 4
96 114 44
17 35 14
122 147 31
10 152 45
165 182 33
52 71 30
86 115 24
43 129 36
187 189 3
87 150 4
19 101 14
152 167 16
19 30 13
155 164 22
154 163 24
129 137 49
4 89 18
82 121 23
109 144 27
18 77 7
99 162 39
14 198 3
53 128 38
33 153 22
104 165 2
59 111 23
160 196 33
68 195 40
93 131 15
30 85 40
115 146 3
96 140 5
37 143 25
161 173 44
2 110 36
51 72 27
56 62 31
96 158 25
44 103 40
25 90 12
44 160 21
39 128 6
72 107 4
135 165 41
129 133 4
100 133 34
9 162 12
61 196 25
133 143 19
76 180 3
118 149 1
158 186 32
57 144 24
37 184 29
142 198 22
192 195 30
189 190 2
126 171 35
184 189 8
97 170 16
24 93 5
110 154 7
104 148 38
129 188 49
111 169 35
87 139 19
13 91 41
38 141 30
97 144 43
96 159 3
156 186 15
122 194 36
194 198 24
137 160 5
21 125 33
183 184 29
138 147 17
71 148 42
120 135 33
35 161 15
89 175 44
127 171 26
67 107 39
142 174 6
66 138 25
67 170 22
96 171 32
185 193 38
0 163 22
36 55 8
120 164 18
42 113 48
176 193 14
128 144 1
103 145 8
16 26 13
100 106 38
56 125 35
122 170 21
126 193 24
10 105 42
153 160 42
22 196 34
13 185 13
44 162 19
37 54 17
142 161 24
3 9 9
65 123 37
5 31 7
24 28 15
20 174 42
173 184 2
113 128 35
7 115 14
192 199 1
81 139 38
164 176 28
185 199 39
57 95 9
22 179 39
144 176 28
159 172 17
26 152 2
71 179 49
61 134 6
169 199 27
196 199 7
45 193 32
144 170 29
154 197 26
188 189 39
75 133 32
92 175 10
70 72 39
12 87 28
78 158 18
0 154 15
24 150 33
36 117 43
188 193 34
185 193 27
137 191 12
66 132 44
139 150 1
42 175 33
39 77 38
29 168 34
36 123 35
182 188 25
152 190 34
74 147 45
122 191 24
156 171 43
113 194 26
159 175 29
123 161 24
72 199 16
87 112 22
165 175 19
170 189 20
171 197 17
169 191 42
196 199 9
77 158 20
65 154 43
96 136 32
86 170 32
10 67 19
109 128 25
141 174 13
1 95 27
8 68 46
141 157 8
120 133 34
118 154 23
166 180 8
155 196 25
144 199 40
151 160 28
34 72 36
10 115 39
50 153 26
60 103 41
121 182 5
37 90 4
15 131 45
13 128 6
94 155 31
106 182 22
73 151 15
119 192 41
63 185 33
100 144 43
149 178 24
31 71 36
72 163 41
69 124 46
142 159 21
178 188 2
117 162 45
136 180 49
73 96 17
106 149 34
131 172 2
37 139 47
38 44 14
164 184 4
72 125 42
78 154 9
9 45 25
91 127 10
44 113 46
9 151 35
7 151 12
2 3 47
47 148 41
70 119 35
143 161 10
38 148 47
48 86 29
168 195 14
182 187 48
49 172 40
48 70 49
96 174 4
39 61 43
99 193 29
177 185 23
13 113 9
165 181 43
187 198 17
30 111 13
136 190 38
166 182 14
60 121 9
64 189 12
196 197 32
39 176 9
3 96 13
81 142 44
38 109 3
164 184 5
81 101 4
43 149 36
112 137 20
4 27 42
147 168 13
119 150 44
175 187 28
152 197 34
180 186 43
58 109 29
31 38 7
101 176 12
119 133 47
22 187 2
69 81 10
1 128 5
103 106 9
123 143 3
52 166 38
143 192 16
130 131 36
171 179 31
110 127 10
40 49 4
126 186 14
121 161 1
124 156 35
156 163 1
68 131 13
154 162 25
18 79 15
105 192 20
70 131 21
178 185 27
114 137 18
101 170 21
76 127 40
179 199 19
104 193 47
171 178 43
76 156 43
77 155 27
126 160 4
154 170 22
24 181 19
28 93 6
22 151 25
95 116 26
81 178 36
159 185 2
145 198 33
63 175 13
43 151 22
180 193 9
60 199 9
116 179 43
185 196 6
122 144 14
30 33 49
91 179 19
73 192 42
186 195 15
29 192 1
166 193 40
89 98 1
42 89 41
193 195 17
137 165 20
152 168 18
39 82 5
120 178 13
83 125 49
194 197 23
47 141 36
49 129 18
99 116 11
115 138 49
81 112 24
84 171 14
84 94 49
13 115 7
81 195 29
70 78 36
111 195 33
29 180 16
28 132 45
74 183 1
139 179 21
31 167 2
60 140 40
123 177 5
124 198 44
50 94 16
48 106 45
94 193 3
13 69 42
77 184 31
28 62 39
36 49 40
83 165 39
25 53 12
64 118 4
166 187 7
31 102 3
177 178 5
79 130 37
49 68 43
95 104 21
123 199 22
135 156 40
161 181 37
91 177 28
99 198 24
176 188 37
41 138 43
135 141 3
45 143 27
98 155 31
128 146 12
154 191 15
79 187 14
103 170 36
81 123 49
9 106 30
66 99 24
119 146 33
64 92 12
109 149 2
11 32 24
72 108 28
94 103 18
9 58 28
121 123 43
108 117 4
108 179 1
35 80 25
122 148 19
171 178 19
187 194 45
92 189 36
130 136 25
135 192 22
173 199 14
173 184 49
119 159 1
91 176 12
142 157 17
98 108 31
152 191 16
98 184 27
70 116 46
167 176 38
111 177 42
132 176 24
11 196 42
124 188 46
98 169 26
68 147 31
20 135 42
25 72 20
96 196 4
69 182 9
102 158 29
168 175 16
165 182 4
87 166 4
92 126 19
162 169 5
177 194 23
162 179 13
134 142 19
147 149 37
84 119 3
1 21 33
159 196 23
99 144 34
167 177 11
77 117 13
65 107 4
88 174 42
145 169 16
103 184 2
111 122 1
15 48 12
178 186 21
125 180 7
47 125 11
1 63 14
16 87 40
70 199 19
75 179 17
130 158 26
83 122 39
64 148 6
35 68 43
165 181 18
63 154 20
96 115 11
107 136 3
22 186 39
160 192 4
63 197 44
143 175 7
50 57 8
96 106 28
87 171 4
6 39 17
74 190 35
43 101 11
106 170 29
62 178 13
68 150 48
58 149 8
6 193 27
41 191 42
3 187 32
106 178 22
5 197 30
79 167 17
83 85 42
7 60 7
117 195 41
184 193 35
12 139 44
134 171 8
157 160 45
182 197 48
107 123 6
97 189 24
54 181 18
75 106 21
113 193 25
14 53 3
67 130 19
76 108 41
76 148 13
183 199 45
175 181 42
157 188 14
48 145 49
92 156 21
58 145 4
143 186 32
162 177 11
124 186 26
63 164 37
156 193 49
57 62 16
139 173 49
5 24 21
131 154 48
161 185 29
37 128 31
48 195 20
23 164 5
69 139 33
89 95 41
156 166 8
50 126 43
185 191 44
121 150 15
5 168 22
31 81 37
153 174 42
85 159 2
149 191 10
92 122 39
97 154 35
163 166 7
70 188 15
113 138 44
81 191 27
20 193 6
143 145 13
93 122 31
90 131 3
49 195 32
146 164 22
111 121 42
80 162 45
109 168 8
79 118 36
113 199 21
184 196 36
25 77 25
146 186 40
83 175 26
97 127 13
182 192 46
142 164 20
85 146 10
174 189 30
55 145 11
143 199 25
186 195 6
90 179 45
0 70 18
125 162 1
121 136 14
21 163 38
46 114 45
20 93 32
40 145 30
69 138 1
189 195 48
97 160 39
80 127 20
72 104 5
192 198 47
47 179 5
32 179 30
181 184 41
72 107 39
30 194 34
94 138 22
91 118 2
76 130 36
77 198 15
17 87 49
57 127 37
138 174 8
135 187 16
44 103 46
157 168 10
183 195 28
137 145 45
23 24 40
56 66 29
17 21 8
51 66 32
24 136 11
102 112 47
118 120 34
117 154 37
2 173 48
11 107 34
192 197 31
135 170 44
89 105 41
191 199 27
70 136 23
183 186 23
47 157 39
131 141 24
157 186 8
29 72 36
115 119 25
93 162 7
92 99 8
186 195 44
7 90 49
57 70 8
7 38 31
129 182 49
17 116 37
99 119 6
95 97 4
38 89 15
165 169 7
170 184 13
60 189 10
78 176 29
69 177 22
18 58 10
9 15 42
113 191 22
57 162 25
27 85 31
192 195 22
130 150 28
4 67 26
140 186 5
67 118 12
40 43 42
1 175 20
54 106 9
50 106 19
72 183 36
194 198 9
76 98 32
150 168 7
121 128 18
5 197 40
177 181 19
63 177 17
13 40 49
158 170 33
51 67 30
124 139 49
162 180 29
96 175 25
119 148 40
79 91 8
73 173 44
82 123 48
99 175 1
194 196 2
69 86 42
92 129 8
157 182 7
142 194 29
90 139 31
21 159 36
165 179 47
61 192 2
87 122 37
23 96 28
160 195 23
136 192 16
9 104 8
172 186 42
67 120 8
186 194 37
62 185 18
90 111 4
88 94 37
179 190 6
195 196 49
161 195 46
120 182 34
120 194 15
178 186 9
166 183 45
5 105 40
96 172 14
4 179 6
136 146 31
74 184 16
122 179 18
63 85 16
87 191 15
10 160 7
2 23 42
12 167 3
108 172 2
34 77 8
58 149 36
151 199 14
100 182 12
156 191 11
53 96 9
4 184 25
102 125 18
65 132 21
151 165 14
99 116 13
36 99 15
162 198 36
16 19 27
127 148 30
22 51 17
162 181 34
135 194 4
112 127 44
89 179 49
108 136 6
11 129 29
75 167 15
23 26 47
28 174 42
133 147 29
107 159 43
160 186 40
37 120 45
161 181 20
87 176 42
151 181 16
155 195 12
120 157 7
47 144 13
26 150 28
87 178 36
28 81 5
28 141 30
67 75 15
17 68 45
116 183 43
62 107 1
106 193 21
74 76 14
38 60 1
167 168 45
70 94 7
12 35 29
120 155 22
126 146 30
37 89 48
53 193 36
154 188 28
172 184 14
132 159 29
103 166 37
166 185 41
52 70 15
88 93 48
96 134 23
183 185 25
112 191 42
110 127 49
69 113 41
123 175 30
14 173 7
13 81 39
97 145 47
143 170 18
1 50 18
190 191 13
195 197 8
86 95 24
4 104 28
149 187 48
22 164 28
28 67 15
105 146 2
63 77 13
155 182 3
93 115 36
168 191 34
63 97 5
121 173 19
21 54 33
195 196 5
151 153 37
156 178 39
52 166 39
190 197 5
95 129 48
162 177 41
120 155 19
148 150 20
133 137 36
98 169 44
87 101 36
44 199 1
42 100 7
96 145 46
119 179 1
122 174 17
5 199 34
155 173 45
180 182 29
90 167 19
6 62 11
192 198 16
182 198 4
144 168 3
177 179 27
127 133 12
35 72 48
171 197 41
156 191 35
115 198 35
184 199 48
16 177 44
15 196 25
128 145 41
104 130 49
66 116 12
15 162 19
44 136 34
14 189 19
159 193 1
15 40 46
79 154 4
109 182 12
197 198 42
77 162 30
183 190 47
138 164 7
115 135 35
188 195 40
44 142 24
154 177 8
85 190 23
2 164 16
27 93 5
125 155 6
104 117 29
160 195 27
174 192 33
143 153 20
155 188 44
33 51 40
104 126 18
127 199 30
6 124 17
89 184 44
63 126 9
22 76 28
44 115 3
148 150 15
98 123 12
133 196 18
100 113 1
193 194 30
91 185 45
134 186 17
129 162 32
171 193 31
106 181 37
144 159 28
23 96 30
66 176 6
149 199 29
48 77 2
117 191 8
196 199 44
8 142 13
12 48 42
32 85 47
51 189 49
76 100 21
149 153 15
122 138 10
28 144 8
14 45 42
114 180 25
186 197 10
125 175 37
58 73 30
145 171 47
114 188 19
102 190 44
177 196 33
184 187 8
117 160 13
162 179 3
188 197 37
2 91 33
155 198 49
72 175 12
36 151 43
53 110 12
18 61 21
169 192 48
120 196 34
16 68 17
122 142 20
22 154 37
98 197 21
113 125 49
61 68 36
74 102 22
15 67 24
116 191 9
114 146 1
162 181 48
176 182 32
112 143 6
117 181 35
134 164 20
169 199 36
52 70 11
52 187 10
151 171 48
46 121 13
31 38 45
88 112 7
120 190 30
165 194 9
94 148 19
129 188 7
172 197 12
165 181 38
73 152 46
46 192 15
32 55 17
183 196 41
118 168 33
158 176 41
79 90 12
3 121 39
60 113 22
31 195 39
178 187 40
45 50 16
134 135 37
47 78 46
155 162 3
172 179 10
14 115 18
110 154 24
39 134 2
57 167 48
111 141 5
47 168 35
175 192 37
109 185 27
153 162 12
12 92 20
159 191 10
18 74 11
174 185 25
53 126 47
25 66 31
187 195 1
88 141 47
19 177 33
173 177 34
191 195 44
122 162 47
22 147 44
184 199 20
110 169 6
188 196 18
130 157 45
161 169 19
94 148 22
177 183 11
50 82 3
105 177 35
39 89 18
125 151 31
127 184 31
147 183 33
50 126 29
30 123 48
133 191 47
47 88 49
21 132 44
65 77 35
114 162 38
48 113 27
30 109 37
9 118 4
69 115 12
85 177 12
21 109 39
87 141 29
155 189 49
46 71 18
25 97 1
126 198 8
109 199 44
179 190 41
103 136 7
49 86 9
105 160 38
44 45 35
87 192 48
181 193 4
58 150 10
147 155 21
181 183 7
43 172 12
39 182 27
198 199 30
57 155 14
173 196 37
86 177 10
144 189 27
124 194 25
74 95 45
35 94 42
7 142 45
32 43 43
85 168 49
121 169 32
120 176 6
66 117 16
136 160 46
19 36 20
198 199 47
94 124 46
70 113 21
63 88 26
58 98 44
31 102 47
37 128 47
191 196 42
156 164 29
122 144 25
58 112 36
110 122 2
0 20 19
36 70 43
180 197 7
42 150 31
32 146 31
30 138 47
158 190 29
50 70 10
155 198 12
189 193 46
178 184 6
112 165 25
121 191 48
120 180 1
153 155 19
49 115 28
20 124 22
22 149 37
67 169 42
90 104 10
119 148 19
32 188 5
59 172 4
50 123 42
115 119 39
164 176 18
117 160 18
4 33 43
4 150 10
77 115 4
153 165 21
42 144 34
159 179 25
128 178 24
137 166 4
115 139 47
60 111 33
102 188 24
181 189 16
93 149 45
89 125 26
84 118 29
57 69 49
17 153 8
189 190 19
134 156 48
131 158 29
195 199 23
38 148 1
9 123 13
98 166 3
78 177 1
183 185 31
134 139 31
60 125 34
189 190 17
18 154 8
178 195 12
155 195 21
118 124 42
194 198 2
84 169 46
44 69 17
37 157 44
44 162 42
172 177 20
181 193 22
13 192 18
121 123 16
110 161 20
166 199 38
57 119 20
39 101 43
77 135 29
72 180 20
67 83 12
171 195 32
147 152 32
0 87 23
16 196 28
115 171 8
156 191 23
195 197 8
88 159 26
186 196 17
98 141 3
125 136 47
112 186 24
180 192 15
173 191 28
194 195 17
182 198 18
161 193 32
54 128 38
181 192 31
32 146 32
39 132 1
49 79 23
175 190 25
90 120 27
127 151 47
5 9 5
102 198 1
106 123 34
98 150 28
186 197 44
39 58 23
1 154 36
5 115 36
149 155 32
143 197 17
57 152 8
143 170 32
82 194 22
27 103 28
101 145 38
131 195 49
143 178 37
95 176 33
90 145 24
65 188 18
161 162 23
35 74 12
144 197 11
118 192 39
14 111 22
82 130 45
44 103 15
140 181 25
86 159 17
44 187 1
6 106 32
181 188 31
174 198 44
188 194 9
73 173 20
193 196 31
82 100 25
19 105 24
52 122 44
95 189 40
55 73 6
147 161 17
13 160 11
15 72 42
162 166 11
56 75 35
53 188 47
118 158 10
96 104 30
176 192 33
19 83 15
115 192 45
131 178 31
100 135 25
73 81 21
54 193 30
126 170 38
165 185 24
88 113 13
70 159 41
138 186 35
5 131 46
174 188 2
173 183 24
161 166 18
19 102 40
63 132 46
163 176 12
137 157 28
16 157 36
149 152 34
11 54 5
88 95 46
159 160 23
120 174 33
119 170 8
39 82 18
169 189 40
45 47 47
137 140 11
132 149 34
121 153 35
94 127 14
136 176 40
95 106 9
92 124 25
100 172 7
131 133 3
198 199 48
55 137 17
191 196 34
61 108 6
132 172 27
124 197 33
78 137 22
164 198 27
2 179 8
193 196 42
32 37 38
155 194 34
55 132 33
179 182 15
35 177 48
133 189 38
190 198 41
13 130 12
44 197 49
111 128 28
111 148 16
6 77 18
174 186 24
111 154 26
184 188 25
90 129 23
145 169 24
21 77 30
4 92 6
176 184 4
181 182 39
141 178 4
69 105 5
175 195 28
53 185 19
6 104 35
97 131 30
34 83 16
166 173 18
27 76 29
35 64 44
125 193 45
22 75 11
112 156 30
62 169 20
91 161 39
64 154 6
90 150 7
180 183 45
89 159 12
36 124 33
10 115 25
117 131 38
122 164 17
178 179 40
176 180 34
115 149 27
31 169 17
23 86 31
33 82 19
178 196 24
35 95 29
24 116 3
93 116 42
133 181 28
176 196 13
11 47 18
103 182 19
187 195 24
98 119 42
190 195 4
162 198 49
33 199 45
78 143 33
55 80 37
108 135 10
169 174 23
103 178 3
170 175 40
121 187 33
80 98 30
109 144 32
41 156 15
103 116 22
21 135 9
177 182 46
189 196 34
2 41 16
61 168 28
138 153 1
91 194 39
163 165 34
139 159 3
13 62 31
42 193 25
25 102 37
92 149 19
21 122 41
129 140 11
76 131 34
129 169 22
103 155 27
182 188 3
18 45 36
71 186 39
128 199 43
136 161 30
169 197 19
24 194 37
5 88 2
32 101 46
84 188 47
79 110 13
64 110 44
178 197 48
26 144 40
25 99 1
107 195 8
183 195 16
23 119 1
127 188 13
187 188 19
136 191 3
154 173 36
5 36 39
160 188 9
127 145 33
190 199 10
9 182 26
19 140 2
73 75 10
14 144 9
182 193 7
146 183 4
81 160 45
112 124 14
142 173 35
39 46 7
123 146 42
152 177 30
66 192 37
39 118 9
33 143 41
149 199 43
57 74 14
134 184 39
77 167 15
176 186 16
20 163 15
135 184 47
100 102 37
72 187 29
66 188 16
89 130 6
147 167 25
83 181 32
109 185 10
57 173 41
175 192 28
79 186 4
125 164 26
161 198 20
87 185 32
50 117 14
143 192 2
42 69 36
137 191 18
187 191 45
22 191 13
4 197 11
172 192 32
74 106 26
74 132 6
57 94 18
38 51 19
73 198 14
133 187 44
142 187 40
196 197 34
119 138 2
6 189 28
69 112 10
83 139 32
167 184 5
59 181 33
65 124 36
99 174 11
114 120 45
127 157 10
188 193 22
3 179 11
21 79 34
51 64 1
0 192 7
55 73 27
48 189 41
161 193 5
112 133 19
150 190 5
189 194 42
171 178 17
115 118 20
80 110 29
65 196 43
146 152 19
21 149 37
77 144 36
195 199 22
25 193 31
128 148 43
155 192 1
94 99 44
123 196 9
187 193 15
91 173 46
21 57 6
172 197 41
191 197 40
87 191 41
100 103 28
69 73 15
71 152 43
57 197 41
99 143 30
12 76 44
131 162 45
1 55 20
187 194 31
151 192 3
73 171 45
113 134 33
16 181 35
50 91 9
172 187 29
159 166 25
188 198 4
73 163 8
42 197 3
48 94 21
123 137 6
11 25 49
187 198 20
171 182 36
45 185 38
65 160 41
39 124 43
195 197 1
44 158 35
97 173 5
11 152 14
22 136 47
26 73 49
119 189 48
139 167 27
125 179 39
132 163 27
41 59 21
169 186 23
151 198 49
107 149 23
85 161 4
3 25 33
28 183 22
145 196 44
50 120 24
43 114 8
132 184 21
168 170 49
64 75 25
168 189 4
66 163 3
102 108 31
93 144 42
129 142 34
176 181 14
165 168 13
164 192 31
130 184 4
72 126 27
183 188 31
92 145 41
119 181 33
123 142 10
126 157 13
178 183 9
173 189 27
90 158 33
121 163 12
12 34 43
144 158 30
192 197 26
123 125 38
12 163 31
87 160 47
40 97 12
182 199 15
61 70 32
60 159 9
127 179 19
77 82 7
197 199 5
167 171 18
40 172 36
111 156 20
102 157 33
138 145 4
1 18 38
71 125 9
10 162 7
47 64 30
191 199 10
7 84 42
123 150 37
54 120 35
122 124 34
93 126 28
107 186 48
143 170 11
86 158 39
185 195 43
20 111 13
22 146 19
167 198 5
142 173 6
192 193 35
135 145 40
75 143 11
86 198 49
90 188 49
38 123 29
47 155 28
74 121 41
125 175 1
152 194 2
25 84 39
99 189 19
33 152 21
41 78 21
86 199 1
14 188 5
12 66 33
84 125 7
42 144 36
107 124 26
157 194 21
70 132 33
2 25 21
3 139 3
65 151 47
174 197 10
91 148 21
144 161 17
182 191 34
99 188 45
153 197 48
145 156 11
96 188 35
5 77 25
58 68 35
146 184 36
100 110 6
161 169 31
29 112 32
132 164 23
32 95 26
120 178 27
195 197 28
70 175 47
87 176 45
157 162 6
4 182 28
44 169 28
3 190 17
96 199 23
127 133 41
155 179 31
139 149 17
160 196 29
123 186 10
103 161 26
22 63 16
95 98 42
105 196 44
164 170 45
43 45 34
88 156 27
64 184 16
36 106 7
191 196 38
68 98 10
7 87 38
197 199 22
48 128 10
9 61 8
66 129 13
173 181 17
24 184 33
124 197 27
58 85 32
166 171 48
9 62 43
123 193 29
74 76 46
119 126 13
77 142 25
80 107 15
156 194 28
194 197 3
152 160 35
77 104 2
16 59 34
105 156 48
66 125 34
84 131 39
26 76 27
191 197 17
97 122 38
141 173 24
33 46 38
110 184 46
68 116 21
96 150 30
50 146 32
122 174 6
89 126 20
70 109 33
192 196 24
79 80 21
43 138 3
191 197 34
152 182 3
108 193 23
131 192 42
57 99 14
111 132 39
78 165 41
31 61 49
12 34 31
79 190 22
132 157 4
60 179 20
82 190 39
164 185 6
39 82 27
154 155 34
133 154 40
90 158 48
69 75 42
27 111 9
19 122 12
29 173 39
107 113 5
150 164 34
93 135 37
149 168 18
167 189 9
87 106 41
133 162 21
124 148 30
72 92 19
83 173 23
133 134 39
148 180 36
37 175 35
2 45 2
157 197 17
114 154 49
66 119 19
30 124 37
20 186 8
17 130 38
58 65 12
82 141 47
176 189 32
21 52 4
182 190 20
81 142 18
128 140 46
37 199 35
19 131 32
165 174 44
94 158 8
148 185 2
73 106 2
56 78 21
122 139 35
156 197 16
167 199 41
114 131 25
170 188 47
151 154 4
36 129 46
175 199 14
118 164 27
195 199 20
193 197 33
68 156 47
23 58 5
65 171 23
155 177 30
86 132 39
0 158 24
163 182 43
132 192 48
160 173 28
172 179 10
73 140 9
7 117 18
39 105 43
61 95 3
13 48 34
179 191 43
177 184 15
36 107 26
45 91 28
181 199 32
53 192 42
62 71 48
143 177 14
46 116 33
167 185 5
147 188 30
100 103 27
144 171 26
196 199 44
140 171 21
52 67 36
161 169 32
106 198 31
83 96 23
34 53 15
48 121 22
166 170 4
160 171 26
140 193 6
8 139 41
180 192 15
102 106 42
189 197 41
76 143 12
9 75 37
138 199 44
0 189 19
121 149 3
97 150 46
95 184 30
128 145 45
66 145 19
85 165 39
80 181 5
2 48 30
92 170 42
156 163 21
51 120 35
172 197 42
96 164 8
122 149 24
87 176 26
198 199 10
110 180 37
42 137 11
127 162 23
84 142 17
189 199 48
64 130 33
51 66 16
186 199 35
84 88 4
28 128 19
64 152 11
152 189 33
90 168 23
141 149 3
56 189 48
47 62 8
108 174 43
133 155 22
119 150 19
129 186 32
99 133 46
19 157 8
79 142 2
167 176 6
32 134 26
59 192 24
41 85 6
165 168 32
159 184 49
52 119 15
99 134 2
129 134 32
141 149 33
130 135 5
91 107 14
19 27 12
92 115 40
5 44 1
49 171 25
60 120 28
11 34 1
26 142 44
92 139 30
12 198 47
144 157 46
131 171 43
184 185 46
144 158 39
178 187 47
64 171 7
110 176 45
194 195 27
44 128 28
184 195 34
153 183 18
78 153 35
191 195 30
177 186 1
108 134 14
79 160 8
74 187 26
111 163 43
125 187 26
151 194 27
56 129 33
169 184 12
89 138 2
69 83 21
151 182 22
83 150 7
121 140 20
96 165 1
47 188 27
172 182 24
83 102 24
32 52 33
192 194 6
32 38 42
50 109 41
58 112 5
109 159 20
139 175 36
8 172 11
150 186 6
11 67 37
198 199 42
106 145 27
102 145 23
190 195 9
20 191 36
109 133 28
72 130 46
149 194 40
193 194 45
78 84 6
42 149 41
64 111 33
29 135 23
180 196 16
97 182 23
142 196 7
0 192 1
53 113 13
133 172 46
155 183 16
88 118 37
0 109 39
90 105 48
45 54 14
65 169 43
124 185 47
21 114 29
30 113 8
27 154 8
35 160 1
42 148 35
162 195 36
29 49 6
162 175 45
184 197 25
16 197 17
145 176 36
103 128 17
79 181 41
163 168 18
46 65 10
147 183 31
198 199 39
27 148 40
16 189 39
114 133 45
24 93 37
173 184 48
182 195 28
177 192 3
24 147 48
165 179 45
180 186 42
94 181 29
146 151 2
175 189 9
185 199 15
126 169 9
143 148 37
52 121 28
52 98 15
15 165 2
194 199 32
10 93 34
144 186 30
89 152 4
90 124 24
159 174 44
23 49 49
24 66 11
170 190 19
61 100 19
22 192 32
53 80 13
148 175 19
8 11 24
176 195 12
179 192 8
20 53 32
152 193 46
101 108 12
7 100 46
50 79 37
128 190 15
3 175 19
90 129 11
193 197 2
142 144 23
197 198 19
67 68 1
69 105 33
120 193 21
21 187 20
120 137 17
120 158 30
157 166 12
119 157 48
12 60 2
187 190 1
100 116 41
193 195 31
119 131 32
129 167 35
63 194 47
149 185 44
190 199 15
104 174 41
194 197 13
176 184 8
93 182 35
150 191 45
34 132 40
180 183 46
107 134 33
170 194 3
136 166 35
54 136 4
83 87 39
19 42 12
132 146 36
69 194 32
179 187 12
169 171 15
110 131 38
64 196 34
5 12 6
110 184 33
160 187 43
154 189 12
43 45 40
97 132 23
104 124 24
134 183 27
79 160 10
95 180 46
194 197 47
16 43 34
104 192 42
6 135 4
138 175 25
39 63 13
193 194 9
151 185 41
150 196 43
150 176 37
108 197 31
167 168 22
65 182 27
65 195 1
188 193 10
98 103 7
4 172 11
2 186 2
160 166 32
5 196 42
88 195 27
67 178 19
95 138 34
111 177 23
40 190 20
192 193 27
74 109 25
104 150 46
138 189 29
188 192 21
144 191 46
156 167 41
194 197 18
165 182 49
78 181 9
12 159 2
10 196 17
60 71 7
31 137 38
28 103 40
150 197 28
66 195 19
128 169 30
134 150 22
34 139 36
19 23 40
194 199 26
33 164 46
78 119 24
164 190 4
144 152 30
55 123 32
167 175 28
189 196 33
156 172 34
108 124 33
15 173 25
197 198 35
135 151 12
37 147 5
156 188 11
60 124 15
191 197 3
99 168 40
6 143 29
34 66 38
146 147 49
99 126 2
82 110 11
153 196 25
41 180 18
115 174 8
68 123 8
41 154 5
33 184 18
146 190 33
9 133 37
168 174 41
10 91 2
140 197 34
170 189 1
3 74 11
122 129 23
170 175 30
108 132 5
62 158 44
188 197 26
74 158 39
173 186 37
36 86 11
42 86 19
48 95 47
81 127 24
164 199 49
42 43 28
121 155 46
162 193 30
112 132 12
67 157 9
15 180 14
22 145 30
187 189 33
17 31 49
38 81 1
26 130 18
38 154 14
198 199 2
49 146 1
77 102 38
46 77 47
33 131 15
138 145 27
111 151 43
126 138 6
123 163 24
157 181 33
32 159 12
53 130 6
179 180 45
143 161 15
93 171 10
164 166 37
124 163 14
96 138 45
37 119 8
158 183 9
180 185 38
138 143 45
25 126 43
124 192 39
141 179 8
93 171 22
10 78 31
108 177 21
193 195 38
73 171 22
109 163 5
174 183 36
119 192 8
81 151 15
90 177 11
129 167 43
181 191 3
89 198 23
65 152 26
126 177 46
156 172 30
61 174 29
22 76 30
134 142 35
175 189 23
19 135 13
129 139 9
25 39 3
73 84 35
123 188 11
128 135 49
179 182 32
107 171 33
192 193 22
90 178 32
19 98 41
114 130 43
194 195 38
186 195 34
54 67 30
160 192 30
4 35 45
19 35 28
24 42 27
146 150 22
175 194 34
191 197 26
9 79 32
173 179 26
135 161 4
32 47 46
138 185 37
192 195 44
117 129 12
103 119 38
68 98 32
132 174 44
166 180 18
119 162 40
111 156 6
56 75 36
141 143 22
90 94 12
0 35 7
130 199 9
125 156 34
50 94 32
64 186 31
25 53 13
96 167 1
69 77 13
50 150 39
63 125 3
89 184 23
160 168 7
172 196 1
113 131 26
79 199 4
74 197 45
166 196 32
173 184 30
37 113 4
29 136 35
141 184 7
127 130 6
51 152 21
148 191 48
98 189 7
112 151 28
95 120 21
142 169 30
88 144 21
25 35 2
164 187 25
43 149 3
27 178 36
11 35 43
69 126 20
44 174 10
180 195 22
50 82 39
120 195 16
78 120 39
6 167 36
52 89 31
149 197 7
195 198 24
19 80 23
132 150 30
85 111 2
128 160 36
46 98 11
104 130 18
128 191 2
32 43 28
22 73 11
143 157 46
115 140 42
156 189 43
138 162 2
152 160 29
26 53 30
55 154 41
136 144 39
151 193 34
75 76 42
167 182 46
77 182 34
105 189 13
90 96 23
63 81 40
12 106 22
92 109 29
180 190 10
194 198 49
191 197 39
75 97 12
180 184 36
43 61 36
12 51 29
142 150 43
182 198 24
184 188 48
7 106 40
46 188 5
166 189 9
148 185 16
112 182 9
53 104 44
148 187 7
115 151 45
177 190 19
180 189 49
158 167 28
8 101 8
87 117 46
14 154 42
9 49 12
138 151 34
106 128 5
26 96 17
38 177 10
166 193 38
98 176 20
22 90 41
93 105 3
142 188 45
56 130 48
38 42 18
169 192 22
167 197 4
94 100 12
140 182 25
112 163 35
160 168 16
172 194 11
66 144 15
164 169 16
14 149 3
80 85 23
51 176 34
139 190 5
5 139 24
49 138 1
135 158 21
160 181 38
88 126 7
8 11 42
85 188 20
187 192 14
73 151 22
52 153 27
98 182 15
12 88 4
133 160 24
96 135 7
8 146 20
127 171 35
183 197 30
147 187 17
83 85 47
68 137 8
12 66 23
180 198 43
5 110 39
95 154 38
166 188 46
72 130 18
128 157 35
183 185 4
154 165 12
122 165 29
195 198 19
5 148 31
173 181 31
45 116 33
190 197 48
170 186 21
99 128 1
49 174 37
136 194 40
29 31 33
87 189 39
88 139 14
160 172 32
160 177 8
159 173 11
147 196 2
120 142 8
190 199 12
23 78 18
102 142 14
133 199 7
67 76 44
142 158 4
196 197 8
75 124 18
63 199 31
118 132 26
48 74 32
182 192 47
65 154 36
124 171 47
82 162 37
67 123 25
143 146 1
82 165 16
44 152 33
153 185 17
109 120 34
141 170 20
187 192 28
42 46 6
177 194 44
1 78 45
30 151 28
53 141 31
73 161 9
78 128 25
24 133 46
180 183 4
44 138 40
18 39 42
137 171 10
64 186 16
41 176 26
9 84 2
35 134 19
37 99 40
98 119 2
72 146 35
165 167 25
71 194 4
167 178 37
36 189 22
93 190 33
31 171 43
127 152 12
116 125 24
118 176 17
90 142 11
138 153 37
192 195 20
82 170 7
182 192 13
34 42 26
28 140 34
32 159 11
177 196 37
159 195 4
197 198 38
62 67 6
72 197 21
145 174 4
154 158 22
192 196 38
0 29 38
167 173 39
10 157 42
165 187 43
139 159 15
28 32 2
181 198 42
97 135 14
117 147 47
135 145 34
24 181 10
82 107 17
63 179 28
24 147 36
79 113 47
157 169 18
118 176 11
41 101 6
93 178 23
166 196 5
101 199 43
179 193 41
158 164 39
173 199 16
148 163 30
45 97 5
91 92 23
107 129 6
69 83 38
63 92 41
177 199 21
106 184 1
170 193 44
18 44 5
35 140 6
166 168 34
52 141 23
151 191 18
100 104 45
88 175 16
91 149 30
139 193 18
123 125 46
190 194 23
93 152 28
37 180 7
59 131 4
35 125 6
52 150 9
132 192 12
73 154 24
3 43 24
18 46 8
126 156 41
119 168 1
88 125 25
107 185 8
180 181 27
73 151 3
45 98 46
118 187 30
159 196 4
65 127 16
128 180 17
143 182 17
29 41 18
12 39 11
105 198 42
181 197 37
135 165 27
37 166 39
54 131 29
61 83 41
1 15 32
48 99 31
8 100 24
175 179 24
15 28 24
87 88 16
87 197 28
139 172 10
151 156 15
95 139 9
170 187 44
133 138 3
186 196 11
33 147 35
63 83 46
162 174 7
107 109 40
56 84 38
105 192 4
52 55 32
153 181 48
179 194 46
93 182 49
39 51 22
151 186 45
115 162 8
102 148 2
9 112 8
176 192 26
50 158 42
2 159 1
27 65 16
120 158 6
43 198 44
30 96 26
9 172 33
161 162 13
128 171 23
10 27 9
116 150 1
58 196 19
191 198 37
176 188 2
121 126 30
151 160 11
6 192 44
182 199 49
86 164 48
3 38 4
112 130 41
57 74 6
100 105 22
101 191 36
174 177 24
148 164 49
32 72 25
12 24 43
68 90 42
36 47 34
172 173 40
159 190 20
25 196 9
156 198 45
38 119 8
46 174 29
53 154 41
62 125 6
78 132 15
72 131 21
53 182 39
39 199 44
25 127 36
130 174 20
177 191 13
30 120 37
147 177 2
136 179 19
159 161 29
153 188 29
177 183 38
11 44 23
49 162 42
43 59 34
148 162 15
23 128 38
185 199 38
78 194 2
146 147 40
48 184 47
140 159 48
41 151 20
30 175 47
152 197 17
28 148 39
102 136 22
168 193 29
56 162 49
104 158 28
119 140 41
97 153 44
150 183 16
74 196 26
130 153 38
109 151 6
185 192 46
175 184 13
30 176 6
87 105 4
69 177 42
78 101 7
50 159 22
116 165 42
183 191 2
103 183 1
14 165 13
148 191 40
170 173 25
23 157 29
66 133 31
113 149 27
12 70 9
76 97 49
179 186 40
163 191 35
143 152 18
164 165 23
112 129 44
5 168 18
59 61 5
147 198 2
186 188 44
104 135 11
169 191 13
95 121 14
18 144 15
169 175 31
26 51 21
25 99 27
5 166 45
34 140 49
125 134 12
27 173 32
26 52 12
26 157 23
152 168 30
80 111 10
93 120 26
177 196 24
190 192 9
181 185 7
156 164 29
141 199 32
98 194 17
69 142 16
34 84 36
5 35 33
36 110 16
74 182 20
65 172 6
178 194 17
154 171 28
149 158 44
168 173 6
71 111 10
34 196 2
118 150 42
186 187 26
112 165 7
128 141 27
156 189 47
58 183 4
75 189 31
90 139 22
88 107 31
129 153 2
55 80 34
51 70 17
125 146 23
42 99 1
113 162 33
194 199 10
171 172 45
6 69 14
89 158 40
158 187 20
67 151 11
154 156 24
67 123 15
160 161 12
60 80 20
97 195 13
153 183 20
133 135 31
140 148 33
14 114 16
63 81 12
47 66 33
170 172 11
162 171 13
127 172 22
151 158 43
56 77 38
182 193 42
42 114 10
104 138 32
175 188 39
70 186 46
87 186 31
139 158 15
194 196 31
94 106 24
131 173 25
4 15 27
122 127 17
62 141 27
20 66 40
94 119 1
78 99 40
164 171 15
85 172 16
184 190 29
15 88 22
77 148 32
39 183 8
17 84 4
117 127 47
162 197 47
33 137 13
18 184 45
118 179 27
18 123 20
74 159 32
76 183 19
32 113 14
102 149 18
146 182 33
66 96 37
179 199 44
30 130 41
149 198 35
97 155 10
54 107 45
17 29 48
180 182 24
131 149 1
28 163 20
137 161 43
113 164 46
19 61 36
179 199 19
133 160 25
128 162 8
140 142 1
1 66 42
144 148 15
37 134 10
178 192 26
91 149 11
23 161 33
126 197 7
49 81 33
27 42 36
135 191 42
126 175 34
60 102 15
133 198 21
37 187 14
66 189 2
30 33 22
94 194 34
143 156 37
99 139 7
141 170 1
151 154 13
57 163 42
60 62 11
121 151 37
184 189 31
113 199 6
15 66 18
100 188 12
65 122 21
131 161 7
170 196 26
114 186 28
119 193 23
186 190 7
186 194 9
114 147 9
168 170 35
72 182 45
125 167 47
12 80 8
33 192 30
158 164 47
173 183 21
176 187 23
176 187 14
173 185 7
191 192 35
154 181 25
142 158 16
60 93 17
114 199 30
57 148 38
76 173 16
198 199 37
123 157 46
99 153 3
158 176 28
23 161 19
197 199 48
167 175 20
181 194 34
27 165 42
46 97 2
158 179 31
7 111 48
99 142 24
53 65 18
110 199 46
177 183 15
85 162 40
32 128 37
117 194 17
132 135 13
94 105 14
194 199 48
94 171 37
109 168 34
95 182 29
160 161 9
59 86 21
127 140 28
41 193 16
37 191 12
96 163 40
19 198 22
103 147 34
27 133 27
127 193 21
103 168 49
175 195 3
98 104 34
182 197 6
181 186 44
100 123 21
6 101 48
153 156 46
106 110 10
107 194 13
88 168 14
12 199 1
87 126 22
47 189 46
95 154 26
10 81 7
140 158 33
35 36 4
151 182 4
147 162 33
24 138 4
180 183 6
47 156 37
101 142 31
22 144 48
185 189 11
80 174 1
170 182 15
177 186 29
119 138 17
2 21 3
82 108 34
23 64 26
29 167 38
105 174 30
149 171 11
4 180 4
41 71 34
92 100 47
55 131 14
190 199 15
54 114 25
142 167 37
80 97 44
69 87 49
171 172 48
109 137 6
71 134 5
61 128 47
64 120 33
104 150 17
139 165 24
180 189 45
191 193 31
174 187 24
189 195 30
46 189 19
173 179 34
25 75 12
141 172 30
33 96 4
76 120 10
50 76 24
82 144 18
38 88 29
89 108 19
190 199 44
5 75 48
141 164 19
117 162 38
49 83 20
83 86 12
142 143 3
0 88 7
13 192 45
64 188 34
72 134 46
107 153 38
42 126 2
50 53 6
193 195 40
14 129 36
190 192 5
26 180 48
165 173 7
173 199 9
171 179 7
148 179 5
83 154 12
152 172 12
49 84 18
135 145 1
58 156 48
173 196 13
78 164 35
53 184 13
150 198 22
136 149 32
172 177 10
101 174 48
61 67 5
60 73 12
31 196 7
12 82 25
153 160 37
156 164 41
161 178 11
58 151 19
122 189 17
11 83 7
156 182 35
40 133 10
33 183 11
196 199 5
159 183 2
67 137 34
134 166 5
94 166 2
19 185 23
48 149 12
1 188 29
97 161 38
143 157 4
8 15 1
32 165 2
198 199 40
104 105 49
64 77 23
101 151 19
24 178 27
68 144 15
43 48 27
30 79 22
84 148 37
3 114 11
152 167 44
72 129 49
19 54 3
22 89 30
153 161 19
178 180 1
52 193 15
128 150 49
66 117 46
109 193 25
163 179 1
140 194 23
177 183 3
121 122 17
57 196 38
12 103 49
2 135 37
14 84 7
56 68 47
98 129 47
34 174 39
139 188 27
74 146 14
105 138 31
88 151 36
75 133 23
53 70 48
6 12 31
136 182 29
4 183 4
175 192 2
61 101 11
22 196 3
180 197 48
58 78 36
136 191 3
35 77 35
180 188 18
115 199 33
43 55 9
62 176 16
150 167 1
21 138 4
90 116 45
26 91 20
123 176 28
174 186 36
107 166 18
152 193 4
149 184 44
98 179 21
41 86 9
145 190 37
76 159 18
13 195 14
90 92 1
163 173 8
174 187 2
41 199 26
13 72 31
1 199 37
56 96 39
71 197 26
96 174 23
30 170 41
61 148 3
83 148 19
180 187 25
76 110 45
26 48 49
51 106 22
6 101 36
153 173 47
2 58 19
79 160 49
60 171 1
130 156 13
192 198 33
83 186 8
51 94 46
156 165 39
89 168 1
169 184 13
163 164 46
160 198 9
192 197 38
155 169 45
153 161 28
102 153 41
86 127 13
79 160 48
28 133 24
112 118 35
74 196 40
145 176 35
161 185 23
10 150 35
79 155 24
166 186 36
31 75 28
58 162 31
6 150 16
175 179 39
10 94 34
143 157 43
99 151 24
74 122 15
95 116 13
161 186 10
93 104 26
7 173 48
112 169 4
85 92 7
7 194 40
99 179 26
54 63 47
52 137 3
166 180 42
5 60 28
99 153 35
146 152 29
153 162 23
173 180 9
5 41 24
168 190 6
194 198 24
73 127 26
58 112 20
81 104 35
100 154 6
179 189 8
30 141 30
113 150 42
62 123 28
36 47 21
101 163 29
99 198 29
81 97 15
82 116 35
100 115 21
21 25 13
189 195 49
193 195 31
121 126 39
98 186 28
50 151 32
8 73 25
27 140 35
124 148 38
186 191 2
51 82 18
107 121 28
139 183 32
140 146 35
161 199 27
58 112 36
87 127 3
139 145 15
33 123 4
77 155 28
166 192 20
189 193 45
94 182 41
124 158 29
138 158 7
151 177 47
4 184 20
8 99 7
50 98 29
126 171 38
173 183 38
50 88 7
3 103 45
168 194 30
5 119 9
72 123 18
131 150 42
177 182 29
22 178 39
34 37 10
18 199 36
18 111 38
161 163 30
67 138 6
30 85 18
35 106 33
10 37 12
83 169 29
25 155 35
1 100 45
78 142 45
105 150 37
9 12 49
3 97 41
46 83 27
52 94 15
38 90 12
93 149 10
5 18 19
13 178 40
121 150 29
73 157 2
94 180 33
55 173 21
98 175 18
96 139 11
153 196 28
85 136 20
79 180 18
9 85 25
160 188 25
92 169 17
65 194 15
2 29 33
86 121 16
182 186 14
123 169 40
181 188 11
171 196 40
36 163 46
48 197 15
28 186 36
17 84 22
15 57 49
10 139 34
161 168 40
145 156 20
163 196 3
95 152 31
140 181 1
174 197 31
112 171 14
57 63 22
36 50 15
102 126 4
136 158 39
157 183 28
33 35 12
12 96 8
41 114 23
117 140 27
89 163 36
101 110 15
165 166 48
115 181 9
40 117 46
152 197 37
15 37 34
110 195 4
40 126 9
107 145 41
77 186 43
13 80 14
42 61 6
20 24 1
40 55 7
169 198 47
49 134 34
131 175 49
31 73 31
124 148 19
2 198 7
30 87 25
42 82 36
153 190 27
39 62 31
34 134 41
148 190 44
40 88 14
3 185 23
52 76 5
42 63 22
38 144 27
113 157 2
98 183 34
177 190 38
143 164 45
149 192 44
64 109 36
164 182 5
114 119 13
27 117 25
34 48 15
114 193 33
96 184 40
174 179 2
171 198 16
150 169 43
71 164 17
9 183 16
72 178 24
64 113 6
121 144 8
138 154 31
36 98 24
33 76 29
132 186 6
69 111 21
33 41 22
60 193 4
36 187 17
176 194 47
191 192 14
87 116 25
115 127 26
197 199 10
81 103 21
147 189 19
1 13 2
82 120 47
69 119 30
34 155 33
115 153 15
117 191 39
173 193 28
54 137 41
91 167 17
145 182 29
114 186 10
177 196 25
119 191 22
111 151 39
79 120 4
152 191 4
108 198 30
94 151 8
46 85 30
47 53 40
48 120 29
150 162 37
98 160 46
18 92 17
134 181 19
197 198 32
116 150 36
134 152 21
148 192 25
19 79 12
113 173 9
10 115 4
145 168 41
177 191 3
143 189 33
61 109 49
51 157 38
113 198 43
160 187 35
197 198 28
141 193 10
105 142 38
152 157 32
89 196 9
109 182 40
66 113 19
89 176 30
44 74 11
131 194 15
104 192 21
78 96 43
15 82 20
109 139 44
165 188 13
148 182 1
9 174 12
143 174 5
190 199 14
59 93 20
21 147 17
176 194 14
17 49 32
60 122 17
144 195 31
80 192 41
137 192 46
30 161 19
46 58 27
94 174 16
136 183 24
49 147 45
89 132 49
134 137 15
129 196 15
43 187 35
12 153 27
48 170 44
175 180 18
40 47 48
186 190 16
11 187 5
125 174 22
156 158 34
134 176 2
135 184 19
10 166 38
188 191 36
163 181 35
120 135 41
155 160 40
105 161 31
67 81 2
170 190 32
168 190 44
122 143 32
75 188 9
112 188 29
37 164 7
33 84 12
65 113 17
184 192 3
10 47 48
156 169 35
124 135 26
171 173 20
40 67 22
23 134 24
123 181 35
161 195 45
18 142 24
149 167 33
153 191 6
73 161 44
53 122 12
169 196 35
172 182 10
129 153 41
24 115 36
142 150 22
60 86 3
95 98 40
22 153 5
175 184 46
49 100 24
18 74 48
120 179 27
116 144 35
69 104 26
64 98 46
152 186 30
33 164 4
16 50 36
4 111 2
49 158 39
69 87 5
178 180 20
171 173 13
186 189 9
156 163 2
36 87 31
44 153 36
145 196 13
2 93 34
52 64 30
4 75 39
70 185 25
95 144 47
122 162 26
36 111 45
88 118 31
110 182 26
96 157 43
137 191 14
5 170 8
61 199 20
16 23 5
10 181 10
102 187 27
140 194 43
84 143 7
7 187 49
40 123 45
96 165 27
93 187 13
181 196 48
86 186 34
62 146 47
144 176 5
13 127 17
36 139 3
187 194 44
67 182 8
188 197 40
18 114 23
142 190 13
11 99 11
42 88 7
143 166 22
136 156 46
60 146 2
106 135 16
26 145 7
110 164 29
100 160 10
60 114 12
95 155 31
100 161 23
52 152 17
38 171 35
117 173 5
29 43 2
124 129 7
153 182 8
160 162 39
13 116 28
154 167 2
40 73 43
88 129 1
175 196 24
135 192 26
43 98 38
21 53 15
50 108 43
137 149 47
173 176 48
174 195 23
2 193 12
12 79 8
196 197 15
133 175 41
171 186 21
110 154 32
191 196 17
28 69 11
156 194 42
26 140 22
77 83 7
48 173 35
4 138 23
77 197 43
50 83 3
118 166 45
116 188 37
81 121 47
107 166 14
48 125 30
183 197 18
85 170 6
178 196 42
13 88 6
122 167 24
52 181 49
164 179 11
103 162 11
44 122 24
193 198 29
33 126 1
28 168 18
16 147 20
100 155 25
100 138 42
180 191 19
57 197 29
88 174 19
125 167 34
157 161 32
155 184 4
1 69 37
192 193 36
148 156 12
169 175 24
187 196 47
63 90 23
42 135 38
53 170 32
85 190 25
145 194 32
32 136 23
178 179 40
86 176 33
189 194 29
92 152 7
195 196 19
161 163 11
64 171 46
120 181 10
90 111 3
127 134 29
1 153 26
170 195 18
27 103 31
83 163 13
94 125 35
34 177 47
14 29 9
162 167 27
146 186 32
129 195 22
144 151 27
37 57 37
166 187 8
13 136 26
194 197 25
1 19 49
167 186 15
2 104 29
105 172 5
148 180 18
33 161 41
198 199 21
172 183 45
85 166 10
50 103 6
193 196 35
117 174 41
104 107 4
105 143 27
110 194 1
94 178 29
6 101 5
36 139 40
123 181 39
45 185 20
13 152 11
49 73 18
1 48 5
26 135 9
113 148 15
60 175 25
64 151 4
133 196 16
86 113 1
136 143 29
67 161 40
36 132 5
161 189 48
33 41 34
147 190 48
34 96 27
42 90 10
21 159 29
122 143 35
148 188 39
184 194 12
195 196 45
79 145 27
100 180 40
113 135 19
147 176 16
41 46 11
120 180 21
84 191 31
101 152 16
129 150 21
94 168 18
38 49 44
62 185 21
136 199 42
86 97 49
77 150 42
102 171 18
42 173 30
25 153 11
187 193 20
68 153 36
38 146 9
159 188 28
131 175 20
74 110 18
92 172 34
116 141 19
145 180 29
21 125 18
34 191 31
68 93 10
169 177 17
77 153 38
146 155 42
70 107 9
112 170 19
187 193 40
163 180 22
197 198 23
118 134 20
104 120 4
130 177 5
65 113 5
176 196 17
138 168 5
108 145 10
85 163 27
129 149 29
25 66 43
163 175 18
185 193 1
48 75 26
88 176 30
116 190 7
119 148 16
106 182 17
151 188 8
17 133 16
99 102 19
13 62 40
150 191 45
151 184 33
107 167 20
38 182 43
108 164 17
126 151 31
110 158 20
23 32 32
52 178 8
176 182 43
129 188 16
73 93 23
121 129 46
128 167 25
108 135 14
129 139 34
176 177 42
153 160 21
52 129 33
194 197 48
148 157 38
32 187 19
33 131 21
40 187 47
72 87 43
183 196 31
39 178 30
36 187 14
68 120 39
142 155 28
114 183 12
121 185 32
98 130 26
104 146 44
11 74 19
97 167 34
67 70 4
120 123 41
152 185 18
20 199 5
179 196 23
86 148 48
119 127 45
191 195 33
51 117 35
1 38 25
106 176 16
53 90 2
90 107 30
86 126 14
37 161 22
113 140 5
43 52 33
95 149 25
70 167 6
59 80 7
52 151 9
180 199 26
173 188 19
80 88 31
79 107 4
25 151 7
111 192 45
135 193 32
41 44 42
151 152 5
186 196 24
167 191 13
187 198 33
26 135 1
142 178 13
124 132 11
157 192 13
179 189 37
88 138 40
23 121 26
119 132 10
163 196 41
100 164 27
8 193 23
100 166 41
61 174 29
130 183 23
178 184 32
42 120 1
80 155 48
118 182 32
25 66 40
21 179 43
14 189 23
169 187 16
133 172 23
138 151 36
9 69 10
161 162 18
16 95 28
52 81 25
12 85 48
106 143 44
177 198 39
135 188 21
159 178 6
159 168 47
155 164 1
7 190 34
69 149 45
138 143 10
31 44 16
163 188 46
80 126 11
51 74 33
53 144 5
196 199 13
164 176 20
8 82 2
66 152 1
44 138 47
169 184 48
89 99 32
51 129 16
189 191 40
154 166 16
151 186 32
160 191 36
135 178 19
42 55 28
81 136 7
109 123 42
94 191 33
163 184 42
25 107 44
172 193 45
142 183 46
163 183 29
24 101 27
25 103 19
13 191 37
145 170 5
198 199 7
54 89 20
63 102 10
162 166 7
18 49 28
153 190 21
2 39 31
73 142 4
170 177 20
169 176 8
69 172 27
75 178 46
134 154 32
6 80 43
61 167 13
36 99 18
124 173 49
96 188 25
44 116 27
122 131 19
27 190 6
113 173 44
17 157 23
163 174 25
71 109 39
65 141 9
79 182 36
80 92 49
143 167 36
102 157 41
138 175 22
40 64 24
115 157 47
69 182 2
6 36 46
42 67 29
55 65 10
163 193 25
105 119 24
127 147 18
54 145 20
185 194 26
46 130 21
29 64 9
13 120 27
78 115 21
119 162 43
125 155 31
46 197 49
78 121 34
38 69 33
142 188 41
21 52 8
24 173 34
32 170 10
107 111 31
195 197 24
198 199 38
135 163 24
87 164 16
188 195 27
109 192 29
106 169 8
161 189 47
175 187 22
140 183 29
27 82 12
58 90 29
186 187 12
138 156 32
61 198 39
59 190 48
111 113 23
192 195 25
183 190 3
12 179 31
86 176 44
77 111 38
57 58 48
39 81 17
48 170 41
56 87 28
163 180 9
11 31 9
78 94 13
48 141 12
197 198 21
132 196 10
96 159 24
54 130 38
192 193 25
62 127 12
110 114 43
36 154 9
53 170 22
101 196 45
138 181 37
188 192 35
125 164 15
124 190 39
126 191 36
166 179 7
162 193 11
120 164 11
61 65 9
129 166 17
16 55 46
150 166 27
175 196 19
27 126 5
126 171 3
70 100 19
154 186 1
125 181 9
162 192 17
85 168 31
79 164 9
99 181 28
81 170 23
48 116 23
23 199 28
77 133 20
124 193 31
168 181 9
113 145 27
99 197 28
6 83 35
17 76 24
46 196 49
141 142 44
165 195 21
196 199 37
154 185 8
152 177 1
130 198 44
69 93 6
12 45 21
30 105 40
166 167 6
26 50 40
3 195 34
42 151 44
92 193 12
27 50 23
13 98 21
71 129 19
80 112 5
140 183 12
187 196 3
154 188 43
165 167 11
38 74 27
110 161 6
158 181 4
8 69 39
17 54 39
21 168 16
7 152 47
63 178 15
193 197 13
177 178 25
89 167 6
84 108 23
168 194 1
84 107 12
190 191 12
93 128 48
99 172 46
113 159 11
156 193 8
82 85 20
89 106 26
48 177 43
108 149 4
50 182 5
142 193 32
105 196 42
15 87 36
9 170 12
30 65 30
19 26 46
76 151 14
126 127 33
77 90 34
52 84 34
61 154 14
30 95 21
91 163 16
65 124 47
45 92 17
138 171 44
140 173 20
27 162 35
87 90 41
110 160 39
122 152 23
148 194 28
146 157 25
102 174 22
149 186 31
183 194 39
95 166 16
78 171 41
137 163 49
10 45 13
169 183 11
89 198 6
13 65 17
46 69 18
107 112 32
140 199 19
137 155 7
27 94 14
157 192 34
105 107 22
144 171 14
55 199 10
85 179 24
144 153 31
57 184 3
14 175 23
159 184 40
64 186 30
36 106 39
181 195 35
149 183 6
84 192 42
83 156 38
13 165 28
166 175 30
8 93 21
69 99 26
128 140 47
141 158 45
129 181 24
92 169 9
97 177 22
169 194 17
149 170 22
17 80 37
64 135 41
77 182 34
98 140 26
65 146 6
139 147 12
67 192 31
163 164 17
4 103 34
24 108 28
153 194 28
84 103 28
131 177 36
110 174 28
32 39 1
126 190 46
99 127 13
28 149 24
13 85 49
46 164 42
106 158 29
137 153 34
15 122 46
88 189 41
197 198 38
131 155 3
12 93 38
122 160 24
11 34 41
91 151 36
95 197 39
59 94 40
98 143 36
53 150 34
82 151 35
90 139 25
76 118 46
69 189 16
179 180 5
74 98 4
61 170 43
173 185 44
7 82 9
19 73 44
4 58 22
51 154 29
128 141 26
180 198 22
76 165 5
100 185 40
28 153 15
102 144 49
170 193 38
68 143 3
25 44 14
196 198 29
3 120 5
173 193 44
32 134 33
156 196 19
27 186 32
110 114 13
2 75 23
151 186 47
112 143 6
143 163 19
79 166 28
165 184 29
134 155 22
186 195 17
4 150 30
127 170 45
81 117 24
153 166 39
168 181 47
137 177 35
88 129 39
44 104 10
29 79 16
170 193 21
139 151 37
60 139 14
2 90 7
89 180 46
157 192 16
97 199 39
189 194 49
86 161 19
52 135 22
93 157 14
6 74 36
74 85 5
157 172 40
27 162 34
166 188 9
11 85 29
77 196 10
7 32 26
160 175 28
43 58 23
28 199 9
37 68 5
38 159 14
153 199 15
44 136 18
41 123 8
125 168 8
56 114 3
183 195 32
126 128 31
74 157 20
131 181 35
99 107 9
84 147 45
97 149 13
100 109 39
187 188 43
138 152 1
22 32 43
179 198 41
144 159 26
177 193 49
88 96 41
85 137 46
33 145 30
36 187 27
123 199 30
9 90 3
48 185 16
99 160 3
9 195 14
166 199 24
187 193 25
31 139 41
37 163 14
168 187 41
83 162 31
128 190 5
115 199 25
9 193 7
29 62 4
178 192 48
127 140 15
180 182 46
43 129 33
197 199 35
121 148 33
20 169 41
46 102 14
196 198 9
9 33 4
44 126 13
65 100 25
116 189 29
48 143 23
173 176 46
183 185 28
83 179 35
152 179 47
37 179 42
106 154 37
37 158 30
20 186 4
37 162 2
168 175 43
33 129 17
187 198 19
28 34 11
82 195 3
154 156 47
70 135 42
155 162 30
61 136 25
198 199 31
153 190 1
57 76 25
187 188 15
125 191 35
34 89 39
116 199 26
93 185 35
187 193 41
18 134 15
6 109 16
62 191 30
1 40 37
168 196 25
66 137 2
27 128 37
167 184 45
61 98 8
25 163 26
23 181 22
18 40 1
110 180 45
11 140 1
157 165 18
141 151 42
194 199 23
186 196 30
99 166 29
19 54 46
36 83 22
51 57 29
35 144 40
151 163 16
33 44 19
64 119 5
97 179 23
8 62 46
132 166 8
187 199 24
191 197 38
17 23 23
58 81 10
88 132 45
108 194 10
2 177 42
140 183 11
117 185 1
194 198 30
140 185 34
170 187 40
93 97 31
42 96 12
82 170 39
57 93 1
52 193 26
110 177 40
139 150 29
168 174 13
150 191 18
123 150 29
43 156 47
189 193 10
97 144 9
73 196 37
33 82 1
71 172 44
88 135 28
33 75 47
132 138 39
127 185 36
121 170 36
194 198 16
190 191 30
184 185 26
126 138 5
55 111 27
139 172 25
16 155 42
135 137 36
161 197 38
58 133 29
2 183 49
25 90 9
156 180 30
10 164 3
42 131 35
40 59 47
80 92 14
104 108 4
108 136 21
128 138 18
95 131 48
92 144 3
121 150 3
177 186 37
29 101 29
180 196 45
167 187 15
1 105 4
9 40 44
176 195 6
83 199 21
83 187 11
167 185 31
13 62 43
78 98 30
149 198 23
128 160 21
117 166 7
193 194 32
79 158 30
71 140 28
115 128 8
87 134 31
143 184 45
176 194 5
156 174 33
78 85 29
130 155 36
55 167 29
129 151 3
160 187 30
29 69 1
121 138 35
148 175 46
146 185 7
187 188 21
76 78 5
20 92 20
61 72 27
78 187 27
66 156 38
84 189 15
94 103 24
108 175 28
49 96 38
6 12 48
73 166 35
186 190 21
149 197 34
92 118 27
153 197 4
129 151 20
131 167 18
51 151 40
82 187 2
54 77 30
136 141 11
6 173 15
134 142 18
57 179 30
162 189 22
17 147 31
103 124 15
94 177 49
83 188 8
93 180 47
143 161 42
35 179 26
148 155 40
25 123 11
59 74 16
84 94 47
12 39 27
149 184 14
155 191 33
23 33 11
13 16 22
174 183 27
121 165 4
24 34 23
148 161 48
47 118 16
83 186 30
132 151 12
187 191 11
137 192 5
142 162 24
130 196 29
52 77 12
161 183 30
57 121 10
85 120 21
12 130 42
7 169 48
156 167 48
143 196 5
129 177 17
80 186 11
68 77 20
192 196 6
82 178 22
1 74 49
52 138 43
44 171 38
140 184 23
80 132 33
98 99 45
55 65 22
177 178 28
160 182 4
117 187 5
175 196 14
120 156 16
68 76 46
99 167 49
76 142 14
121 173 49
118 151 2
103 197 14
54 142 5
182 185 23
193 195 16
19 129 1
45 147 13
28 62 21
168 183 14
3 118 16
110 158 37
189 197 24
9 199 19
145 151 39
53 133 23
52 121 16
79 158 18
175 180 27
81 108 17
71 168 40
169 180 40
49 88 5
150 191 26
75 124 32
76 142 38
92 128 49
181 194 2
79 117 36
95 195 1
1 61 18
94 184 45
172 187 26
44 161 5
57 190 31
95 174 8
144 151 41
27 117 38
165 193 22
149 180 5
68 76 39
75 194 46
123 196 37
175 190 13
86 127 27
52 182 38
178 183 49
114 116 43
97 113 30
131 173 14
127 131 33
129 163 28
77 126 21
176 183 48
140 160 5
131 167 9
29 175 42
34 37 18
22 149 11
64 191 5
123 152 4
188 199 14
48 127 31
106 143 49
48 162 26
118 178 15
113 139 32
15 191 32
176 193 38
28 196 22
150 155 20
58 107 43
0 3 16
0 15 16
0 48 10
0 22 31
0 29 40
0 123 29
0 140 26
0 3 16
0 15 16
0 48 10
0 22 31
0 29 40
0 55 29
0 103 26
0 28 16
0 15 16
0 11 10
0 100 31
0 21 40
0 123 29
0 141 26
